117
0 41 10 4 30 83 94 30 87 32 44 23 58 46 66 14 62 50 33 71 60 70 74 31 62 64 47 63 9 60 53 54 14 0 37 24 89 93 68 6 60 88 16 72 95 62 52 69 48 80 47 45 45 19 98 67 86 83 24 30 34 12 4 15 11 94 91 44 2 94 87 83 28 22 4 26 58 86 52 91 8 2 58 38 66 4 81 42 67 94 16 65 28 97 83 19 34 29 27 90 56 56 27 29 23 7 99 91 19 37 87 63 31 91 10 45 14 
1 0 12 96 46 2 41 80 54 66 95 52 79 5 47 12 79 53 5 12 11 62 35 57 7 30 57 58 64 0 82 55 61 50 78 98 43 42 39 50 16 53 39 77 7 19 6 67 11 68 52 89 18 28 6 60 68 91 96 90 85 32 28 4 87 23 3 15 29 50 40 8 22 85 99 22 66 83 83 22 64 61 1 83 36 9 13 38 84 99 83 58 22 80 26 95 89 4 48 3 37 52 43 10 40 54 60 88 44 60 75 31 71 71 23 71 18 
92 76 0 37 14 90 91 7 65 51 17 70 13 98 32 39 27 33 8 44 23 28 94 70 52 2 87 68 22 48 15 47 88 53 11 26 14 44 38 78 63 86 9 87 17 63 56 37 30 96 46 89 25 91 63 40 78 14 45 90 95 83 0 65 58 37 86 53 20 73 55 36 91 48 15 11 60 84 15 0 47 91 79 54 64 27 73 11 60 12 34 25 77 76 70 89 87 84 93 6 64 17 47 61 87 86 17 94 70 50 54 57 77 26 37 92 39 
24 56 46 0 36 43 74 1 16 43 98 73 60 37 80 20 87 8 45 83 88 15 43 35 35 27 60 70 66 10 33 16 58 22 19 97 31 40 32 81 76 7 39 75 77 65 75 88 56 50 74 44 82 28 47 27 35 0 61 5 52 22 91 65 37 29 30 8 40 54 86 38 26 38 45 18 69 59 53 78 26 91 85 31 36 77 84 74 79 98 90 9 11 75 7 17 37 93 58 80 24 78 3 20 16 27 25 38 9 28 0 30 83 95 46 92 7 
81 30 52 85 0 79 14 83 96 21 65 38 32 82 58 48 39 3 82 11 96 38 26 64 44 31 66 76 66 34 38 32 99 56 68 37 47 17 97 1 99 47 5 77 60 16 98 40 28 14 77 31 25 79 93 47 59 21 25 47 92 68 12 29 47 63 72 32 48 38 8 34 48 82 47 33 60 71 55 28 5 74 86 95 79 78 61 19 78 41 11 40 71 81 21 94 48 94 24 59 84 12 51 46 86 1 35 85 0 19 21 77 83 36 23 52 74 
75 75 96 29 24 0 17 67 81 38 40 84 21 64 9 44 48 46 72 42 66 92 68 20 72 9 54 66 25 47 30 70 59 83 82 19 67 62 79 32 65 21 10 77 7 90 39 27 38 19 74 65 23 20 60 99 33 11 80 24 9 40 68 64 76 4 74 83 93 33 61 74 55 23 93 96 10 35 90 58 64 89 94 87 38 13 33 62 25 18 91 37 23 59 21 32 79 27 28 48 90 28 71 99 67 84 32 69 14 88 38 15 48 75 62 60 51 
18 48 61 94 15 34 0 55 1 15 45 64 23 60 55 55 11 41 93 21 53 65 16 84 94 48 35 75 92 16 62 77 69 8 6 39 7 76 5 45 89 92 60 9 60 19 4 19 16 88 38 44 97 24 27 46 23 0 13 82 39 18 64 97 18 50 45 5 91 22 5 20 47 23 81 27 14 33 18 4 25 42 24 10 20 47 25 38 96 7 52 84 29 60 23 24 19 17 62 23 41 22 1 22 65 64 78 45 9 52 97 51 61 67 5 65 96 
48 45 33 54 22 83 24 0 83 34 48 47 95 13 61 61 50 10 42 90 44 2 82 1 65 1 10 54 28 2 95 27 15 97 19 9 49 32 20 75 55 67 85 93 24 96 2 71 91 68 19 65 43 41 80 33 63 5 64 27 8 28 44 42 40 64 4 80 77 70 1 6 71 21 18 86 83 77 8 92 77 2 64 52 32 35 45 54 66 14 80 74 39 80 37 98 8 31 3 14 69 48 79 18 90 95 69 14 43 82 29 25 99 90 74 0 44 
49 58 39 18 65 17 53 94 0 7 74 93 37 84 20 5 9 25 75 34 48 49 9 66 41 19 64 6 1 22 36 40 39 66 57 42 51 95 59 90 4 68 95 45 8 69 64 15 43 37 47 48 17 55 27 57 69 53 36 43 47 16 7 9 36 63 55 1 1 14 91 88 58 20 60 7 78 12 10 99 57 1 12 65 57 17 69 91 26 80 38 31 5 79 38 58 40 95 48 65 0 4 48 76 84 50 61 75 94 71 27 45 28 57 22 25 45 
87 59 57 45 63 63 59 35 82 0 93 15 23 95 60 78 29 19 3 76 5 59 86 61 4 61 18 22 19 60 68 52 7 29 96 6 38 11 61 99 38 91 21 72 84 78 98 36 79 69 67 38 42 10 26 0 60 73 8 61 59 70 76 93 17 91 24 22 48 31 97 39 12 5 69 77 48 62 0 22 89 45 92 1 23 16 75 73 74 57 8 62 52 1 57 78 34 78 20 57 88 15 19 99 79 55 54 63 18 91 77 93 97 66 71 30 51 
13 83 60 19 36 82 93 81 38 46 0 65 50 68 75 36 34 1 19 82 34 11 15 9 15 42 92 9 91 14 8 4 23 76 92 13 65 6 67 91 7 51 21 79 41 94 81 2 29 66 73 25 65 40 40 56 43 3 27 50 49 36 69 11 58 89 16 15 82 67 22 71 30 64 36 55 60 68 43 35 90 57 20 80 13 30 58 98 62 13 80 35 20 7 68 39 34 45 84 60 17 50 68 42 17 44 80 99 97 58 92 36 33 83 70 19 44 
25 57 85 15 64 16 34 89 25 21 45 0 65 48 64 42 38 45 96 58 37 76 86 41 34 69 93 91 13 7 26 9 96 53 31 93 47 1 3 17 99 41 35 40 11 33 68 50 1 67 90 5 14 16 24 98 98 23 77 91 51 6 27 88 64 26 38 48 73 60 13 4 38 39 82 24 18 28 88 7 42 68 63 98 83 95 11 65 25 45 93 57 90 19 38 10 4 96 98 48 6 80 2 61 34 91 39 98 19 99 92 59 90 56 26 26 73 
65 71 68 27 48 67 83 72 60 36 7 0 0 59 38 4 70 22 46 74 87 9 69 92 13 39 28 24 88 43 12 63 32 71 83 77 52 18 38 79 82 33 79 1 28 87 90 44 20 49 81 49 42 45 72 32 6 54 31 19 55 5 68 15 27 32 1 73 5 53 59 32 3 7 8 90 88 88 91 93 65 58 67 56 37 63 81 6 11 40 63 20 13 66 34 90 59 5 0 68 69 55 49 71 49 30 71 40 41 10 8 6 33 52 15 27 70 
55 8 20 4 48 50 82 17 7 75 38 75 74 0 91 42 27 74 41 38 5 73 48 49 58 17 45 71 40 80 31 96 24 65 99 16 72 51 18 7 92 38 70 49 60 2 88 70 93 44 17 40 2 4 38 5 70 5 75 89 5 37 1 13 11 69 53 25 44 85 13 5 4 96 60 90 70 74 61 77 79 87 28 73 42 88 43 38 40 54 14 94 16 20 30 47 75 23 71 68 43 8 92 69 79 61 20 2 53 97 51 75 91 9 75 46 2 
17 74 38 33 97 20 77 51 56 46 18 28 39 91 0 60 26 83 15 90 32 97 18 55 8 35 86 32 50 48 5 82 49 78 50 46 42 92 63 31 36 30 14 94 71 97 89 1 57 4 82 74 15 1 63 51 12 61 98 16 89 75 27 5 37 92 69 46 88 64 59 49 67 82 24 18 11 53 23 83 52 71 73 55 48 35 86 74 80 31 31 86 31 89 92 7 55 86 61 66 13 37 47 24 18 15 76 35 67 79 3 71 10 61 56 74 51 
28 96 62 98 40 61 47 83 44 88 9 98 41 87 17 0 95 92 51 52 7 97 4 9 69 4 77 91 27 26 82 39 24 49 48 65 55 1 72 99 91 79 12 2 71 84 11 56 5 67 72 75 54 65 71 36 40 30 20 30 33 49 77 94 76 28 18 54 10 34 60 58 23 89 87 18 34 40 89 55 91 28 45 27 61 35 33 56 17 46 24 97 70 34 79 42 81 86 79 61 41 41 12 67 17 92 78 42 95 24 25 86 57 89 59 87 94 
70 9 40 26 80 46 74 39 43 18 8 17 60 3 35 45 0 61 26 31 95 71 84 53 93 73 75 69 68 96 73 71 21 83 25 57 85 93 57 80 35 17 32 16 7 48 64 27 45 28 80 90 55 6 41 7 20 31 7 79 82 15 79 16 59 13 51 43 97 99 2 99 67 50 6 50 48 36 8 17 26 66 7 72 35 29 50 0 58 41 24 21 33 32 70 93 92 56 80 42 81 48 48 4 47 2 68 29 2 91 19 54 68 16 68 17 66 
40 54 13 17 55 92 71 84 53 85 90 68 62 44 29 20 18 0 56 17 14 0 10 75 6 68 16 85 43 62 21 0 36 87 6 45 18 22 73 9 63 24 33 39 70 84 7 90 43 27 88 89 49 85 88 30 73 57 91 50 78 55 7 26 10 22 81 84 16 14 73 42 2 99 33 41 67 5 21 23 63 65 95 41 52 0 18 31 78 12 25 77 85 99 66 3 82 29 28 51 72 14 82 75 30 24 29 27 27 99 46 8 97 14 22 99 14 
78 76 77 57 55 97 27 90 59 74 51 14 52 1 45 62 14 37 0 96 73 14 82 49 17 42 22 3 27 24 47 78 68 51 85 2 94 45 15 39 27 51 62 97 36 67 63 6 25 63 34 17 81 61 71 92 70 39 73 90 3 9 18 46 66 81 91 96 45 58 4 45 8 90 4 91 90 54 39 74 74 13 49 54 89 28 93 38 25 57 62 19 28 48 78 79 83 63 0 16 34 21 8 69 83 41 39 11 95 89 7 82 21 83 18 78 53 
73 51 10 51 29 11 43 94 8 67 50 68 23 94 22 14 64 37 40 0 82 7 62 97 76 13 87 21 77 18 21 74 85 51 53 9 88 99 86 89 2 31 18 26 53 13 3 89 4 98 58 53 1 17 94 71 3 68 2 59 63 13 22 22 61 6 96 5 4 6 49 92 74 28 98 64 17 98 64 30 44 15 96 40 74 26 32 23 22 35 68 81 38 21 72 22 26 2 4 53 50 2 62 43 56 98 63 94 57 34 77 21 66 51 97 38 71 
95 62 55 35 18 78 13 68 53 21 9 98 15 67 1 19 8 22 23 55 0 55 78 62 57 84 58 18 10 82 21 10 96 91 65 29 4 30 27 42 19 30 71 1 63 37 27 5 34 52 45 36 19 62 10 56 32 85 87 29 80 72 94 28 19 59 89 61 80 85 79 5 63 4 60 40 96 36 0 10 12 97 67 65 68 3 64 42 51 52 96 93 37 13 46 0 42 66 94 53 55 88 27 32 77 18 74 59 57 16 13 99 9 0 64 20 94 
34 31 38 37 26 53 92 15 69 73 51 97 37 88 83 54 32 91 49 69 28 0 58 57 42 61 26 1 76 12 76 59 73 35 84 39 16 62 97 84 12 44 94 64 49 76 10 52 39 35 9 91 15 87 84 92 48 95 16 26 3 22 54 35 46 46 90 85 61 12 62 17 27 82 45 19 14 62 82 48 56 47 27 79 70 63 20 66 33 42 82 12 19 13 16 60 60 43 1 93 67 2 90 61 4 19 43 85 72 15 94 91 48 38 65 95 47 
43 74 16 3 18 40 30 99 78 64 65 78 50 38 50 4 94 10 22 24 67 12 0 69 82 88 88 72 51 10 90 86 17 3 22 61 97 39 19 57 49 16 20 32 11 95 28 48 89 48 79 74 73 22 54 63 53 29 70 4 69 33 70 0 14 76 67 63 75 89 39 32 13 0 70 83 92 6 7 27 69 77 99 70 33 77 63 51 85 69 81 75 66 21 30 66 75 90 79 16 85 45 70 51 73 57 75 83 94 91 12 96 46 36 15 85 43 
78 59 18 21 89 18 17 50 61 85 95 39 76 29 69 64 97 2 50 31 8 99 39 0 94 62 35 70 69 10 99 70 38 74 60 99 50 48 3 14 30 44 80 79 12 27 28 94 18 58 47 90 71 13 90 33 50 91 83 90 25 95 99 88 97 61 13 6 43 99 1 33 41 8 58 14 7 70 81 87 49 44 48 62 95 39 84 47 68 19 28 2 40 66 66 84 17 36 11 36 81 13 3 59 7 12 39 21 3 82 5 59 43 88 33 62 21 
74 17 6 99 36 94 20 83 43 34 18 71 69 8 96 4 99 43 24 80 31 60 75 5 0 18 22 12 26 52 79 30 69 75 1 78 27 71 54 51 73 95 90 21 16 45 64 22 67 64 24 60 8 91 88 56 5 35 5 8 66 2 97 95 77 98 71 98 60 52 16 52 3 94 37 95 82 97 58 6 20 41 41 94 67 19 56 53 70 88 46 15 29 76 96 4 63 62 89 24 95 16 95 97 53 95 73 10 95 71 74 33 32 41 20 7 94 
67 95 21 38 58 96 59 76 44 15 97 43 64 49 86 35 53 99 80 22 34 24 7 42 1 0 29 58 46 77 71 51 23 83 9 8 98 9 61 42 24 28 34 67 7 55 81 29 83 52 8 25 64 37 11 2 39 25 22 41 72 17 52 58 72 79 47 30 25 27 96 65 56 26 6 69 68 87 23 8 97 66 75 34 16 1 94 78 51 93 93 43 23 0 13 84 32 55 96 76 85 83 24 76 60 60 50 7 5 58 96 17 8 77 4 93 5 
97 57 96 80 80 91 14 30 94 3 76 15 79 97 45 6 39 51 19 40 60 39 81 40 66 16 0 66 56 59 14 9 41 30 96 32 48 21 48 44 2 56 86 71 90 51 69 65 94 11 27 57 44 24 88 0 94 99 87 48 86 10 29 67 24 23 3 50 22 38 22 61 59 34 34 37 87 47 56 65 11 41 50 40 80 22 33 11 15 54 41 67 68 40 42 1 4 66 86 78 82 2 91 83 20 23 3 78 52 87 43 44 29 22 74 66 61 
25 75 46 14 42 58 78 24 47 72 61 51 87 40 31 96 40 15 76 66 23 76 93 40 75 25 70 0 74 24 80 63 41 17 41 34 68 88 37 59 73 17 75 14 77 31 11 98 80 14 5 16 97 40 83 87 75 27 55 83 84 31 68 29 82 97 84 30 88 99 92 36 91 33 72 53 12 17 57 11 62 99 53 93 8 79 63 1 57 7 56 88 47 78 14 94 99 59 31 98 20 44 94 46 86 58 62 9 38 6 48 70 39 11 68 45 36 
55 23 28 30 67 5 88 17 98 38 75 96 2 38 34 73 95 94 53 86 74 2 42 83 90 70 31 82 0 77 85 11 61 85 1 59 30 39 61 3 56 14 83 76 94 74 86 31 58 27 53 40 52 36 91 96 64 40 12 21 31 95 65 59 2 88 83 20 66 12 44 66 0 99 39 9 7 11 11 72 17 72 40 72 87 92 49 88 85 32 58 77 2 60 75 70 24 73 70 17 77 44 99 55 50 84 88 22 9 41 15 41 71 59 69 17 74 
17 61 9 50 87 20 19 15 48 63 59 91 99 94 91 62 84 1 21 62 70 48 46 79 84 44 35 83 80 0 93 55 83 13 19 51 14 29 62 75 50 47 54 10 90 96 27 81 43 45 6 29 16 41 69 50 65 23 34 60 10 46 76 34 81 71 13 63 18 49 24 64 64 29 51 15 78 80 61 90 52 21 35 9 55 95 52 10 63 85 28 35 76 90 37 61 9 43 94 55 98 60 41 27 91 10 95 15 11 20 24 53 47 61 63 67 92 
75 66 41 1 51 86 5 5 35 22 5 81 41 71 13 69 93 51 52 1 82 45 85 24 47 47 27 5 62 39 0 2 79 83 61 97 23 22 45 84 48 74 62 74 51 85 70 49 64 33 1 47 97 1 49 89 86 78 88 64 47 66 50 39 47 43 70 12 50 50 12 98 77 6 76 52 69 27 2 37 66 7 54 84 59 63 48 32 44 5 54 64 28 23 73 64 69 76 24 43 29 99 23 18 2 92 14 67 45 83 80 39 68 44 75 14 36 
37 81 97 64 35 72 22 24 43 83 80 36 54 21 82 59 61 95 17 53 11 70 10 86 81 39 14 6 55 85 10 0 86 21 89 72 36 65 71 31 71 8 84 99 53 0 12 16 10 76 64 93 63 92 66 98 76 21 60 43 36 33 30 28 7 32 95 45 0 22 48 43 17 29 97 34 48 47 72 74 22 60 92 21 43 86 40 87 12 59 54 85 81 1 23 64 78 42 43 25 73 34 45 90 55 5 21 0 57 50 63 9 77 98 2 89 62 
74 97 53 92 39 45 36 66 64 16 53 62 12 38 3 91 19 87 11 31 46 13 69 79 6 15 18 80 32 19 86 72 0 64 85 7 50 5 10 48 26 86 65 28 14 68 51 27 66 58 50 28 47 75 28 57 35 18 98 52 96 23 69 75 84 67 76 66 73 14 64 22 2 22 49 82 15 23 43 70 49 70 86 83 54 59 82 93 12 31 22 13 36 64 51 12 51 15 50 94 45 24 16 8 10 32 78 4 14 6 77 59 69 88 70 41 68 
68 28 8 59 4 28 39 32 37 34 94 81 13 70 27 70 88 61 17 54 53 95 13 76 59 21 2 9 39 64 29 25 49 0 45 94 20 58 92 16 24 60 81 15 21 81 42 85 36 23 91 50 97 45 23 35 47 71 32 79 22 53 63 5 94 50 53 56 14 8 90 4 8 51 37 49 80 74 61 43 64 27 3 97 91 91 63 39 5 7 26 67 88 94 10 59 37 87 90 85 6 63 18 21 45 99 97 80 49 45 94 90 52 81 8 85 66 
88 76 13 13 33 25 89 94 31 55 44 84 27 97 37 72 30 56 81 69 37 45 66 78 89 14 66 66 38 47 98 4 27 72 0 1 11 95 63 49 66 99 16 44 86 20 88 16 52 14 63 21 22 28 18 61 49 87 62 79 53 60 23 77 54 69 76 31 76 75 52 87 77 19 30 11 59 13 18 79 57 31 65 5 67 63 27 4 42 58 36 24 57 89 8 36 63 5 68 46 30 63 39 68 6 67 37 4 83 94 80 41 59 80 0 77 52 
48 89 72 10 27 53 78 78 95 43 58 0 28 80 47 19 10 68 47 15 30 13 84 54 19 13 86 88 5 22 40 41 85 27 95 0 1 17 9 73 61 48 3 96 49 17 72 10 2 35 44 65 76 24 62 67 40 52 81 7 42 27 13 92 87 20 49 55 79 17 8 17 76 82 45 20 1 53 76 78 63 72 14 12 83 10 60 33 30 93 61 27 81 70 54 67 36 28 56 76 87 54 13 62 1 43 48 17 49 27 59 49 14 16 62 42 46 
44 91 33 3 74 0 2 87 1 5 54 18 36 51 44 74 93 46 55 79 41 52 15 93 48 63 41 35 62 53 90 26 41 90 80 35 0 96 7 32 18 65 78 20 64 86 55 45 55 65 14 1 18 66 70 50 52 40 90 47 70 92 51 33 62 82 83 50 62 69 17 66 14 33 37 94 70 5 3 14 88 51 80 56 46 33 30 67 79 70 46 55 16 5 31 26 67 70 40 43 48 58 30 27 5 6 42 65 84 85 8 92 82 79 86 60 35 
57 38 85 78 94 65 80 56 45 69 13 41 34 7 3 62 27 19 3 28 63 5 99 22 86 56 13 24 28 82 84 30 44 44 1 32 69 0 88 64 38 72 29 70 31 33 14 29 78 32 24 39 82 25 1 56 93 64 18 59 84 46 29 54 57 41 0 77 94 71 27 85 62 82 68 29 18 56 62 18 82 34 11 81 85 15 96 90 71 51 31 1 87 86 67 16 82 88 85 19 55 3 82 72 92 67 98 75 14 22 79 38 65 75 6 56 10 
90 56 83 86 46 9 0 24 92 28 63 56 72 27 39 65 97 97 56 92 27 9 16 54 84 13 81 31 8 29 21 81 97 3 20 21 7 80 0 35 24 91 44 94 43 99 87 71 1 54 72 35 23 22 0 94 83 70 32 47 56 26 99 70 41 69 87 61 68 13 79 26 59 76 31 63 99 64 84 49 2 34 94 39 71 72 76 27 64 83 28 11 44 87 68 53 91 98 1 73 87 20 82 97 61 62 77 28 37 15 86 0 58 68 49 25 50 
5 3 98 87 95 17 26 44 61 13 45 90 79 21 46 39 41 58 77 77 26 94 46 67 0 50 72 38 5 0 5 7 45 69 23 54 95 38 52 0 54 38 29 95 32 56 83 34 2 14 86 5 51 59 97 65 67 3 20 22 54 92 14 86 26 96 56 99 13 23 65 4 56 48 81 53 79 18 43 6 30 52 2 1 61 66 76 88 88 80 14 41 45 62 0 62 80 34 87 56 17 66 4 72 17 65 63 90 27 1 65 14 38 75 23 57 45 
34 97 16 50 63 46 73 56 95 26 35 59 19 7 41 26 96 1 14 25 27 42 2 29 0 40 9 14 75 29 46 56 72 9 49 45 76 16 46 30 0 89 85 62 33 83 50 55 48 10 98 87 52 0 96 94 41 84 98 45 94 68 34 31 21 83 72 63 42 23 79 93 52 23 3 38 73 87 96 52 10 64 44 19 99 94 89 1 83 56 89 68 22 23 21 65 5 36 83 2 83 85 11 5 46 87 53 33 90 93 8 39 21 13 99 85 48 
36 1 43 74 88 47 39 99 74 3 34 64 63 32 41 22 24 29 7 36 97 46 81 63 66 58 12 20 86 95 99 81 93 25 68 74 90 58 53 20 26 0 2 84 1 43 19 70 90 65 56 61 53 58 88 59 17 87 34 35 68 30 48 7 29 39 45 73 69 47 75 44 72 80 57 42 33 80 22 87 14 36 65 33 49 54 6 87 37 42 38 73 9 34 14 42 32 37 95 65 77 10 94 66 53 42 57 85 36 55 92 76 77 21 39 86 38 
60 47 49 4 36 63 73 39 5 60 67 74 11 90 4 83 28 99 32 87 81 81 80 9 28 53 39 0 25 26 37 50 4 45 44 84 62 15 56 97 64 72 0 56 24 24 59 35 38 12 90 70 52 2 82 91 77 62 28 54 36 58 23 8 30 71 6 17 67 54 53 64 52 50 68 51 24 18 8 93 67 68 51 87 21 59 35 62 44 50 7 6 94 37 13 69 73 53 68 52 0 18 94 47 71 64 70 45 8 80 45 6 10 76 38 96 51 
54 40 81 49 3 0 75 1 91 25 80 28 73 21 53 7 52 13 73 79 82 8 6 75 90 13 82 62 33 7 62 45 57 94 17 73 58 88 5 53 38 74 83 0 83 36 10 87 29 26 62 16 96 35 3 81 61 48 60 10 12 35 77 98 10 86 24 53 35 82 51 83 66 28 80 88 37 81 99 72 24 98 18 78 77 79 23 76 38 18 50 33 8 37 22 43 37 76 51 6 1 8 97 95 60 87 68 62 55 13 0 14 10 30 97 38 71 
63 60 65 22 8 64 59 81 91 32 80 71 82 86 51 80 11 62 43 31 1 85 98 37 51 89 41 2 49 25 16 34 3 90 1 82 22 50 5 8 22 36 80 9 0 26 73 8 83 8 70 88 68 32 76 54 46 80 69 63 48 94 92 93 65 90 61 24 8 44 3 34 13 62 79 20 48 91 89 9 64 62 57 57 54 26 96 80 79 96 78 79 8 87 22 68 90 69 45 89 18 86 95 54 67 50 87 80 90 0 29 66 32 10 15 72 64 
17 46 27 64 85 87 92 34 55 58 53 18 43 29 41 83 32 99 41 31 71 41 39 57 83 54 12 87 79 87 39 52 11 93 84 88 10 47 39 46 86 0 21 4 40 0 27 44 95 94 46 44 33 8 85 7 72 7 71 6 84 38 83 79 22 63 21 78 52 17 43 79 93 15 61 10 82 86 9 82 94 45 24 30 8 10 62 42 87 60 81 9 64 99 65 47 88 88 54 97 76 62 56 90 82 8 32 38 44 90 33 47 33 91 86 15 5 
80 50 53 79 58 42 7 70 73 31 93 99 32 62 53 43 50 68 50 77 32 98 1 52 31 13 50 66 53 67 20 64 19 8 99 98 89 77 86 31 52 75 87 56 46 46 0 31 78 45 64 36 70 95 30 97 88 51 46 20 79 43 76 23 4 22 19 18 82 32 27 34 67 90 58 98 70 38 4 98 9 50 32 8 81 45 68 88 40 62 4 85 67 2 60 39 2 22 61 36 22 73 2 77 77 0 84 22 73 36 23 10 91 42 44 2 6 
6 41 25 29 9 51 85 22 24 68 33 54 58 56 94 41 87 38 89 91 64 5 43 45 52 0 0 41 48 92 25 74 70 64 69 19 67 79 99 72 50 43 79 87 71 57 72 0 34 70 78 1 62 6 21 0 54 33 42 34 22 4 75 91 31 17 78 18 62 41 40 41 25 53 29 83 74 37 76 34 54 94 90 81 65 5 12 34 20 13 50 2 84 24 19 10 87 11 74 90 33 83 30 93 6 19 3 64 14 14 57 87 26 40 43 90 78 
58 17 41 32 71 31 0 64 89 38 90 53 44 48 57 57 68 16 8 6 50 96 51 93 45 88 52 59 82 8 35 94 16 90 65 85 75 25 78 37 54 10 69 13 84 97 73 58 0 12 84 65 32 96 16 78 96 64 45 93 12 33 93 12 48 60 9 81 91 69 89 70 25 17 29 57 76 63 96 36 67 64 8 30 58 55 12 48 62 96 0 14 24 41 35 38 65 61 4 35 86 41 26 75 9 14 8 87 72 54 70 5 89 96 54 21 23 
17 72 1 69 88 85 18 13 10 26 19 1 32 1 97 22 91 28 34 57 26 76 47 51 7 74 69 87 51 4 87 96 8 62 2 90 12 23 27 67 48 56 34 35 9 21 56 11 28 0 68 58 40 56 23 33 35 19 56 34 79 42 55 84 23 99 73 70 4 6 48 63 48 16 88 8 8 18 0 63 38 10 90 47 22 65 86 29 86 10 49 90 82 28 47 71 50 37 86 85 89 39 2 91 65 88 39 38 60 50 70 96 37 30 72 21 93 
89 80 58 19 85 48 97 47 25 68 42 31 80 95 39 78 5 75 94 43 65 99 17 74 23 51 53 42 28 69 69 63 67 75 77 59 90 90 73 20 27 86 35 96 67 71 69 78 60 9 0 70 61 56 23 13 11 89 11 7 32 56 30 26 53 27 22 18 88 78 86 32 98 4 93 35 12 49 59 14 71 63 53 85 39 47 80 84 51 85 90 34 67 75 53 28 14 14 56 24 56 6 73 73 72 32 0 37 20 84 70 22 58 79 39 12 89 
59 45 96 73 39 75 97 72 83 62 75 23 48 75 57 61 32 25 29 47 84 33 19 42 55 69 34 10 32 91 95 31 81 47 64 54 46 60 78 33 53 71 76 60 96 81 79 13 66 25 62 0 23 59 26 11 67 70 99 1 92 9 25 57 58 87 53 4 42 15 51 87 28 94 63 66 69 10 84 3 47 90 38 74 24 62 69 34 32 93 53 87 92 86 68 60 56 47 63 1 0 49 42 89 99 4 63 89 37 88 54 84 79 18 10 48 53 
40 4 88 44 88 29 12 45 32 70 26 3 47 42 98 41 17 55 47 8 64 81 62 32 43 48 20 26 52 9 21 11 62 76 44 23 59 82 17 96 42 90 68 54 21 9 39 4 66 91 87 46 0 31 45 44 40 46 6 85 86 74 98 84 13 40 29 96 33 42 69 81 49 61 23 45 49 96 13 48 51 57 46 87 14 43 38 55 99 86 76 36 9 59 45 9 32 61 15 74 22 57 32 56 31 25 6 67 20 75 65 50 84 49 92 16 62 
50 4 91 9 98 34 49 26 86 71 60 88 9 30 3 19 44 27 95 19 85 48 72 24 60 21 80 95 7 13 66 56 94 91 69 40 56 7 20 49 17 67 66 68 98 82 78 19 23 33 13 89 10 0 3 61 7 42 2 34 33 14 73 89 90 73 52 52 78 24 37 8 50 83 78 46 93 73 87 89 33 90 22 86 84 39 72 94 59 44 67 65 98 47 71 8 90 50 15 40 3 7 87 30 61 55 34 44 7 12 21 58 47 65 50 30 97 
20 35 54 95 36 37 68 10 66 37 84 51 88 31 81 61 68 44 6 82 79 54 48 13 15 83 22 8 56 11 10 84 31 68 75 27 73 11 91 48 97 18 81 13 45 52 52 34 72 13 64 26 26 56 0 95 48 97 47 45 41 55 58 97 12 33 91 63 67 43 46 22 25 67 97 63 1 80 43 28 82 39 71 72 28 32 12 36 32 39 63 99 40 3 37 51 26 97 95 71 7 22 96 22 20 94 59 45 61 84 11 46 79 12 36 41 80 
81 50 99 20 8 80 47 3 42 51 33 86 68 14 35 4 73 52 46 6 35 85 32 35 67 36 72 54 7 65 28 22 85 75 17 29 77 94 90 16 37 25 17 7 41 55 22 12 82 87 2 75 25 93 57 0 34 52 95 60 98 13 74 25 82 55 79 93 11 29 10 60 89 28 42 70 38 6 33 41 41 20 19 58 19 80 12 1 33 55 8 66 65 74 59 52 8 89 96 87 49 77 54 73 9 52 2 33 91 19 85 28 14 83 64 87 5 
57 50 35 79 8 25 40 36 69 4 20 93 14 29 83 12 65 86 88 16 3 94 16 53 53 56 19 83 83 97 0 49 32 46 9 69 3 68 92 87 43 12 58 7 22 23 90 72 36 16 87 79 11 78 1 5 0 95 16 66 56 8 46 74 49 36 14 93 80 12 41 37 57 59 41 82 64 62 68 7 76 34 15 28 56 94 96 63 18 46 78 36 34 14 0 59 99 6 13 57 37 46 15 87 87 66 9 72 91 48 36 35 49 60 71 96 37 
1 83 27 53 74 30 46 55 58 46 5 24 33 82 37 67 11 2 99 92 43 46 88 40 61 61 4 78 34 75 66 69 69 20 19 54 78 56 56 41 6 77 87 47 46 35 63 41 91 63 12 62 43 74 53 4 41 0 42 32 53 31 24 72 32 9 73 46 77 6 35 54 75 39 27 70 65 80 58 61 29 80 17 42 98 25 98 64 17 24 96 62 7 7 91 32 30 24 21 52 69 28 85 88 1 65 67 9 18 76 53 20 51 55 65 57 75 
34 82 33 65 34 81 86 43 79 94 75 27 96 45 30 91 5 17 77 71 96 86 48 21 78 94 28 9 28 62 18 87 69 71 36 26 56 21 73 99 35 74 81 87 7 24 39 74 75 46 70 21 81 91 11 23 57 54 0 77 96 47 0 96 67 43 62 68 26 68 99 58 88 78 51 21 15 83 67 39 31 90 18 23 28 38 79 19 32 73 97 90 85 76 84 64 54 88 18 34 20 11 51 33 97 77 9 64 58 71 37 30 54 49 19 39 7 
64 80 23 43 71 67 16 15 31 21 52 17 3 26 54 93 6 82 83 0 3 16 79 36 22 18 1 7 5 26 76 29 80 29 43 45 79 12 39 30 33 59 82 32 36 42 12 79 19 79 35 22 37 92 91 13 34 75 39 0 13 57 39 52 48 48 3 39 50 8 3 11 26 20 79 29 23 76 49 0 56 63 98 53 38 42 41 67 37 94 95 92 24 54 82 84 27 97 85 84 57 30 90 8 83 89 53 82 45 67 97 29 14 67 4 45 50 
79 22 26 0 10 95 65 66 67 47 68 31 52 4 65 71 58 84 89 86 76 32 11 90 28 28 68 87 1 16 16 15 76 81 27 39 58 78 85 69 89 30 95 26 59 43 26 24 84 0 43 29 34 12 74 84 60 27 1 10 0 47 23 69 52 76 72 11 4 29 36 16 62 68 23 51 46 52 14 20 79 87 63 46 42 33 46 19 97 46 31 76 47 23 12 80 30 67 40 42 69 73 50 6 96 19 57 14 94 37 30 22 17 44 78 82 48 
19 5 36 50 95 6 53 99 71 83 2 61 86 6 7 41 49 47 12 56 66 90 77 77 24 66 8 29 6 67 46 27 54 89 67 46 30 69 7 8 93 13 37 49 24 84 80 88 73 4 13 90 22 81 19 49 20 19 66 57 86 0 55 47 11 40 71 39 34 60 88 83 20 79 90 63 25 34 27 83 99 17 88 65 97 75 49 10 42 88 28 93 79 55 98 10 25 91 2 17 2 0 47 89 34 24 40 48 53 52 99 5 64 69 83 77 90 
88 87 44 66 54 21 92 99 6 88 56 7 37 7 35 49 47 33 8 90 91 42 86 99 25 15 81 49 81 78 28 77 41 3 82 87 77 39 99 46 18 4 40 35 24 61 47 36 60 48 86 76 94 65 79 9 46 25 29 17 34 9 0 78 61 96 61 12 83 24 70 15 92 84 4 80 24 50 84 52 35 84 78 49 12 88 67 19 39 26 48 83 67 86 42 39 51 46 45 1 72 57 72 59 9 68 99 29 82 33 33 31 73 19 49 42 34 
81 87 24 31 74 55 96 14 46 47 16 51 33 55 47 13 27 7 39 36 89 16 39 89 35 47 71 3 15 35 41 83 80 26 36 99 69 20 44 71 22 64 44 8 21 83 52 86 18 51 31 38 7 9 66 37 63 55 92 61 87 98 49 0 26 99 7 62 79 84 37 26 95 46 8 39 87 57 29 93 12 18 79 36 66 75 92 82 31 57 24 30 34 41 40 56 87 81 27 22 1 58 83 96 19 31 15 70 56 18 44 26 49 70 23 85 13 
49 26 14 9 28 75 42 47 78 86 80 18 50 33 49 55 20 43 64 49 47 46 67 50 24 2 82 35 64 51 82 35 16 35 47 89 26 91 87 83 41 24 82 59 34 49 2 77 97 3 99 11 31 92 69 34 45 65 98 4 59 65 92 44 0 72 67 93 98 2 92 73 28 66 66 9 18 97 80 61 9 50 48 93 48 67 77 97 59 84 15 38 38 75 30 57 27 70 86 35 60 56 55 45 60 22 91 15 16 11 41 50 97 70 2 17 69 
4 54 73 15 75 86 90 53 92 24 28 97 78 8 43 52 84 83 65 47 29 45 86 99 76 49 50 73 10 76 13 8 80 67 11 16 90 7 26 19 14 50 50 9 95 29 87 24 94 0 87 6 82 15 75 41 80 63 8 34 38 8 51 70 97 0 42 58 90 94 6 65 21 73 93 41 52 26 25 60 90 82 71 51 61 70 20 30 45 63 51 68 40 5 61 35 0 5 97 99 6 59 11 64 32 62 76 44 22 30 63 74 16 88 47 87 52 
28 34 18 39 17 6 99 79 3 22 83 89 74 48 20 96 84 10 59 54 3 48 87 6 60 37 56 0 44 61 57 70 85 7 69 60 94 67 4 22 77 53 82 33 34 50 40 24 9 91 66 9 5 55 86 9 39 93 4 37 98 68 56 20 52 28 0 29 50 95 71 27 22 79 32 39 12 99 47 75 33 7 94 65 32 92 72 66 43 20 88 60 79 10 97 41 13 14 89 19 39 66 41 16 99 32 12 51 42 59 48 6 56 50 18 19 96 
72 57 54 31 79 62 48 39 44 15 35 50 47 90 46 73 32 5 28 96 29 17 61 60 16 4 52 60 57 9 81 19 90 30 82 18 99 12 46 7 36 22 98 67 34 83 48 98 33 60 6 54 89 95 47 40 69 56 13 74 85 49 43 50 4 91 7 0 68 48 80 61 13 78 75 66 84 35 24 47 65 98 5 34 84 9 74 35 72 53 67 13 82 69 27 69 6 63 25 4 60 71 22 28 60 6 49 80 12 31 5 20 27 73 85 77 11 
68 62 62 87 42 49 5 87 34 52 14 10 48 72 61 3 92 24 80 4 17 65 63 64 26 46 43 30 35 35 94 31 79 7 44 45 27 63 36 39 91 10 83 54 5 82 7 21 82 29 45 49 33 10 35 19 23 14 95 88 17 0 77 76 77 97 45 14 0 76 36 26 23 61 66 32 58 15 25 28 65 29 93 82 27 43 64 96 46 14 55 74 87 49 98 74 85 79 23 72 10 20 57 0 46 79 80 49 90 43 93 98 4 90 91 84 35 
4 44 87 85 52 55 46 45 89 64 38 54 24 87 3 74 61 65 29 50 22 68 26 59 59 5 65 78 21 41 0 95 6 33 55 19 9 7 56 5 99 27 0 81 65 3 84 85 14 24 41 76 86 81 66 83 65 13 95 94 49 45 7 21 46 72 60 33 84 0 20 76 87 13 86 84 76 66 16 31 30 23 55 24 75 14 41 90 64 87 42 74 25 83 36 48 64 41 16 95 39 58 12 77 84 61 94 78 0 46 15 94 23 96 41 15 12 
82 30 62 69 7 91 17 7 58 2 26 44 57 65 31 40 30 72 72 90 21 9 7 32 13 78 59 36 81 87 13 3 43 26 22 70 23 33 97 79 67 95 76 93 60 44 76 81 53 84 82 55 95 62 18 37 60 58 80 7 58 68 86 55 73 79 29 95 5 95 0 88 94 73 47 11 55 84 84 70 62 10 31 36 50 41 10 48 67 95 79 98 49 59 8 63 53 15 3 84 37 56 9 84 43 65 54 71 63 91 58 42 50 82 63 41 55 
38 28 23 85 33 13 32 3 76 28 55 69 93 60 95 22 0 48 17 67 46 56 55 68 35 81 39 14 13 79 23 82 25 45 37 52 82 35 61 92 73 99 62 94 64 75 10 84 52 8 1 46 57 17 69 50 90 90 29 46 57 42 4 43 92 96 97 24 76 51 76 0 40 2 14 20 37 96 28 77 98 22 43 50 84 90 20 39 77 91 11 84 45 29 54 42 26 66 81 64 4 44 60 30 83 68 96 26 90 20 83 95 28 53 3 87 16 
32 75 46 33 53 99 69 60 91 5 53 96 91 93 53 25 68 17 55 89 49 38 47 52 73 8 45 82 77 8 1 39 3 92 29 26 30 59 67 87 79 40 15 68 3 83 84 71 84 15 14 18 70 94 19 48 18 2 23 8 97 69 34 8 72 65 6 89 13 93 23 65 0 42 44 26 54 62 75 37 25 83 51 37 63 15 59 31 37 28 31 93 87 91 30 20 24 63 80 19 56 18 81 95 43 84 47 63 22 55 46 61 32 70 39 86 47 
60 38 89 5 34 33 42 41 50 23 14 83 99 14 37 13 16 86 13 29 88 58 46 92 24 8 30 4 53 52 6 78 98 66 12 66 9 6 20 40 74 58 45 5 72 75 44 95 5 48 13 74 59 53 39 80 60 16 63 12 54 22 53 56 7 0 69 44 77 76 9 75 7 0 68 36 77 24 31 80 10 52 36 81 83 24 47 17 43 75 10 89 25 0 37 50 21 37 78 54 60 13 64 85 42 49 51 95 96 24 22 60 26 53 61 55 7 
7 26 25 63 29 2 18 7 73 49 86 77 42 51 81 46 45 3 34 77 24 66 54 1 78 16 61 24 8 35 42 68 18 53 83 86 2 45 65 45 45 13 85 37 7 56 29 74 38 75 66 57 40 2 50 65 78 56 75 10 97 83 22 4 6 39 3 99 59 71 82 64 89 7 0 63 55 85 0 63 99 39 45 15 52 25 90 42 28 83 84 34 54 52 21 64 19 90 2 97 54 58 47 82 79 5 17 8 77 82 16 37 82 22 9 79 44 
64 11 74 85 94 14 2 79 93 19 63 82 51 12 32 48 64 29 75 88 24 57 59 74 48 11 50 14 0 46 98 56 43 92 26 29 3 96 34 25 88 92 59 85 84 38 1 87 41 89 20 89 79 13 98 6 9 21 2 77 19 26 18 72 51 29 59 16 92 0 15 28 17 21 64 0 12 83 0 28 5 61 40 86 50 69 62 31 49 67 99 26 56 95 28 33 92 48 67 44 77 0 11 1 60 56 44 75 98 28 42 77 20 92 82 75 12 
70 61 46 24 41 84 17 86 51 63 48 28 70 21 86 25 5 1 88 86 29 49 55 20 56 68 71 54 35 98 58 15 43 76 73 77 2 80 79 97 28 60 75 9 26 99 95 12 3 38 3 33 8 62 73 61 78 22 48 18 8 68 23 31 48 28 86 54 88 64 20 98 21 0 26 6 0 10 26 81 41 63 42 15 80 54 49 87 58 35 52 22 89 88 49 82 71 88 12 26 54 82 96 25 12 55 61 92 54 19 6 15 69 89 69 92 65 
85 74 35 39 3 78 2 77 64 92 36 84 92 46 37 89 28 51 17 44 85 76 58 91 34 41 54 16 32 35 70 92 58 40 52 75 37 3 91 48 30 49 72 89 36 49 75 55 25 25 44 58 68 37 56 52 41 98 25 65 80 95 45 63 13 23 63 31 6 61 18 88 88 69 87 99 26 0 40 19 97 31 94 23 14 39 68 54 22 42 10 40 85 2 35 68 35 71 64 86 71 13 26 84 59 16 67 55 78 85 17 3 25 21 51 29 99 
83 1 32 95 35 55 11 60 98 73 92 25 18 54 27 31 30 51 27 16 20 92 42 37 55 6 73 45 91 4 70 49 23 48 57 53 46 36 98 65 67 83 89 88 80 50 26 86 55 57 95 95 46 11 88 14 0 45 37 28 21 88 90 58 0 0 26 34 65 66 2 57 86 23 43 56 35 51 0 33 72 61 10 50 85 16 61 75 94 1 32 89 90 31 55 66 40 26 23 67 84 2 92 94 88 94 34 9 53 68 38 70 27 3 15 30 0 
84 48 21 68 6 12 23 19 45 18 29 72 68 55 60 94 47 75 39 45 40 0 36 59 4 45 88 69 54 72 76 90 16 15 1 22 74 29 12 15 55 16 79 45 14 74 8 9 22 6 12 69 3 17 12 54 97 67 20 46 89 4 28 66 87 68 39 69 65 15 88 67 93 1 29 52 17 10 96 0 95 22 38 53 83 52 85 37 15 1 37 92 84 9 69 2 96 40 55 56 12 92 38 91 97 83 82 30 61 17 24 68 62 26 49 58 73 
34 0 43 88 19 81 66 33 5 62 97 80 89 28 51 4 47 1 53 99 81 94 94 35 49 92 28 44 8 58 23 52 18 25 61 63 10 27 93 89 27 14 66 30 21 80 60 33 61 42 61 80 27 74 37 15 26 42 40 43 19 46 65 47 48 14 32 79 76 90 54 58 75 3 21 38 67 82 0 50 0 23 20 8 4 33 17 16 60 99 98 43 78 95 11 39 16 7 98 4 84 32 6 0 18 54 31 58 57 73 43 73 88 32 34 18 99 
95 91 94 64 57 44 90 93 80 89 6 72 55 96 89 63 85 84 43 5 4 15 69 58 46 10 81 7 21 14 6 98 82 9 43 37 95 76 29 77 29 3 20 10 49 25 86 22 25 75 47 97 28 68 97 45 62 60 28 86 1 66 70 91 48 43 84 11 74 21 24 84 12 73 27 20 9 41 93 15 31 0 91 97 44 70 76 71 66 73 16 84 98 41 95 64 44 86 71 11 8 45 25 58 84 76 72 99 19 66 69 56 41 47 45 96 66 
27 64 55 17 39 50 63 19 44 37 97 44 81 79 39 74 25 66 29 83 9 31 42 70 48 23 16 8 60 12 72 12 99 15 16 90 76 31 80 32 83 80 76 63 15 39 1 37 29 66 79 51 83 26 78 43 45 68 8 64 12 85 26 50 1 27 52 34 36 6 84 58 85 60 67 25 45 38 75 34 98 19 0 17 11 70 94 30 47 18 11 90 25 98 43 28 40 86 67 41 27 47 48 77 80 47 77 96 14 40 56 40 53 52 62 22 80 
14 66 86 97 45 50 20 59 62 11 4 93 49 75 20 87 29 16 14 56 17 42 28 59 14 58 20 82 70 27 88 28 47 63 63 22 42 76 91 31 76 44 94 98 35 98 49 45 22 82 56 8 70 45 27 30 81 19 71 52 60 62 13 33 93 92 4 50 36 56 86 12 52 90 56 50 19 90 71 41 54 11 36 0 16 34 13 97 85 79 99 90 28 91 63 54 65 93 82 77 8 60 76 99 62 18 34 48 35 14 37 88 88 1 94 35 77 
6 65 17 79 34 35 56 73 27 50 54 58 17 68 99 61 94 26 32 21 94 15 6 62 67 88 74 60 47 60 76 75 30 30 76 8 32 23 25 80 71 10 71 51 66 30 21 49 32 36 54 73 48 33 20 18 67 79 38 3 93 28 28 62 5 9 34 21 95 30 46 29 48 53 19 81 56 81 27 83 53 36 81 2 0 8 29 24 13 73 98 4 67 41 90 1 97 68 40 67 72 1 52 54 96 73 5 87 54 67 36 57 37 99 15 29 53 
46 39 93 88 98 97 11 58 64 87 49 65 46 4 39 47 56 77 65 48 86 32 51 43 56 47 40 76 74 17 29 16 59 30 43 26 82 52 0 55 22 54 88 25 36 53 9 0 39 66 95 2 29 48 59 29 69 35 86 67 55 10 19 57 33 34 19 24 52 63 15 63 64 24 36 62 49 67 22 53 57 99 69 37 95 0 54 82 71 19 52 62 39 90 22 49 87 17 19 84 58 40 41 36 20 48 40 51 52 98 29 78 33 0 86 50 94 
15 67 69 57 19 60 17 47 46 40 95 26 3 90 6 24 71 24 35 96 88 31 76 95 34 37 69 21 3 10 31 41 7 9 16 47 67 54 77 41 31 14 31 59 76 23 89 9 65 83 3 37 46 44 28 50 26 82 34 47 50 4 82 85 83 8 11 93 53 23 17 66 10 82 59 60 78 13 10 94 13 73 61 9 84 95 0 57 90 5 55 6 0 93 86 97 40 64 10 18 96 3 21 77 34 99 10 20 39 42 76 32 42 60 47 45 83 
44 17 37 66 84 86 13 21 60 28 27 67 21 78 44 42 63 28 66 76 97 84 22 58 25 0 91 6 21 85 3 23 92 81 79 27 47 1 99 17 18 48 89 81 75 80 62 33 99 62 67 61 73 86 81 87 69 62 64 30 45 52 82 22 90 63 36 73 21 5 40 72 97 45 61 32 98 99 96 36 49 42 20 45 46 62 92 0 61 24 78 86 65 19 10 92 62 20 48 19 31 14 54 75 94 8 48 25 88 49 33 14 75 39 29 1 39 
53 61 53 69 80 31 61 40 64 19 71 13 68 55 4 94 31 80 89 51 51 95 20 19 52 80 43 18 55 9 95 60 61 99 74 81 67 29 85 83 67 45 12 26 68 13 63 18 60 63 42 20 54 22 11 43 0 85 40 18 72 22 57 95 95 68 43 78 71 1 95 49 29 91 82 73 91 13 25 78 84 23 34 11 86 56 5 12 0 25 53 38 65 37 18 59 50 78 67 26 53 54 50 78 71 69 93 43 90 68 96 61 56 63 76 88 42 
37 9 86 0 66 58 70 65 80 16 94 19 79 6 9 69 58 56 86 25 4 50 13 53 85 37 99 49 51 85 78 64 44 38 66 57 56 65 63 41 44 85 41 70 22 52 94 98 5 56 16 2 49 60 53 14 89 96 23 96 65 80 74 29 71 30 26 43 94 10 83 33 17 51 56 76 14 4 79 0 66 85 26 95 29 29 27 26 64 0 22 46 55 56 35 81 81 86 93 37 24 97 84 43 77 91 82 83 49 75 36 40 48 44 20 70 68 
4 98 70 64 46 78 3 50 77 64 58 25 1 76 75 38 72 77 87 9 93 29 7 49 82 34 51 36 37 36 96 8 25 99 27 92 34 60 90 87 91 37 11 27 53 94 57 17 36 24 15 22 73 68 95 95 27 15 98 34 84 97 74 60 93 21 3 86 42 57 68 0 47 79 18 85 36 20 74 54 48 20 95 78 90 76 51 7 81 99 0 46 24 1 84 98 39 43 97 51 38 49 77 48 61 80 2 96 30 91 61 54 57 85 23 10 91 
72 76 75 67 21 54 83 36 24 37 60 19 51 66 82 64 47 75 6 99 88 82 44 62 7 74 61 46 86 91 57 4 71 8 96 21 74 36 29 69 12 26 74 66 42 99 51 17 36 15 79 70 71 11 56 97 38 66 16 4 32 93 8 37 31 73 77 18 64 69 15 48 19 34 66 28 32 48 13 23 4 5 29 10 66 17 86 12 25 65 78 0 0 11 61 82 86 68 38 63 77 21 13 82 31 32 58 47 94 24 16 57 40 67 86 50 74 
28 24 79 49 21 40 35 34 46 72 45 28 46 80 24 75 6 16 6 48 11 12 17 36 83 37 31 95 45 42 42 23 10 23 87 62 88 94 95 89 29 55 43 57 25 50 46 52 98 9 15 81 12 43 61 22 72 45 50 24 83 96 63 29 96 80 18 73 12 91 55 18 5 97 37 91 57 45 89 11 30 42 64 88 7 16 90 35 4 90 39 60 0 23 48 27 27 25 61 75 84 35 20 2 88 62 57 59 73 51 76 67 10 53 49 99 68 
80 22 20 36 66 42 91 9 66 54 97 62 74 91 55 79 63 49 4 88 83 39 16 11 73 39 90 10 97 59 2 2 83 54 67 48 59 2 92 85 92 63 94 5 22 87 50 40 30 36 38 18 36 22 33 85 92 71 65 38 54 44 2 4 9 11 24 88 51 94 10 78 1 79 4 70 93 7 68 64 34 55 95 38 47 44 26 59 36 67 36 8 65 0 61 58 51 12 57 90 96 57 14 47 86 78 69 33 14 9 96 93 80 14 98 71 35 
41 51 19 50 10 87 8 84 65 60 12 4 77 25 98 36 73 66 77 12 25 93 28 72 23 86 16 63 41 28 98 6 25 93 40 64 16 72 12 76 11 17 46 18 16 22 82 47 40 42 21 97 23 32 38 26 42 37 62 12 45 13 57 26 44 36 20 83 31 90 68 70 79 26 33 49 9 53 56 86 70 5 15 19 1 89 86 25 31 41 35 82 69 26 0 19 8 21 73 21 10 56 87 88 90 72 86 37 37 81 33 27 56 86 57 34 4 
81 40 40 20 97 17 3 38 33 46 33 52 73 52 37 85 97 2 9 82 50 85 89 46 70 14 52 54 36 56 28 70 4 6 44 8 46 23 53 13 97 46 85 97 11 5 16 89 88 52 30 55 47 62 87 85 37 65 61 56 21 84 79 39 3 70 47 1 46 45 2 24 44 81 5 60 13 32 92 76 83 39 31 28 20 75 97 16 15 49 60 37 41 91 0 0 14 20 21 36 71 50 5 2 9 32 59 48 69 83 96 59 12 4 91 41 23 
3 70 52 61 38 7 89 10 55 14 35 39 33 98 15 17 49 17 21 22 24 57 19 87 98 83 98 51 37 98 87 53 72 96 39 87 71 58 10 7 16 5 7 19 1 98 13 76 84 90 59 14 60 78 12 40 10 44 21 51 0 67 41 10 10 97 32 98 79 78 37 79 11 32 25 68 83 44 4 55 59 32 35 81 28 3 73 65 50 30 20 79 63 95 55 61 0 66 37 65 98 16 12 97 47 89 63 29 76 37 8 30 27 93 7 34 12 
48 27 97 37 10 51 38 76 72 68 38 83 75 96 63 60 88 63 55 99 33 94 47 46 61 11 75 32 82 95 40 73 96 95 9 94 91 69 49 40 38 34 21 60 42 50 94 22 17 16 25 66 12 73 39 9 45 52 37 97 3 4 97 82 32 73 40 0 97 69 47 9 28 47 72 3 91 55 85 34 29 26 89 25 1 28 8 0 4 91 22 11 16 66 60 33 88 0 72 10 69 47 75 0 53 20 34 84 13 16 51 30 91 51 1 6 28 
13 66 92 60 62 49 70 22 68 16 75 80 44 85 43 43 22 35 30 86 61 80 24 93 4 69 19 49 66 10 61 82 56 49 76 66 86 46 43 29 40 40 32 18 21 62 4 74 45 89 19 23 87 55 12 4 57 75 1 48 60 61 77 28 45 35 35 71 54 92 23 57 51 92 59 16 9 79 92 79 84 33 33 0 93 35 84 90 87 39 96 0 88 20 14 86 44 81 0 0 18 37 33 53 26 6 10 42 64 17 31 43 50 41 43 93 62 
29 63 17 67 63 11 43 46 49 57 20 95 70 87 86 34 95 65 29 91 44 76 83 4 57 50 86 11 14 58 30 87 74 91 22 54 77 69 59 80 45 60 16 20 15 37 74 90 64 51 68 97 26 83 80 26 90 77 80 53 43 72 83 1 4 24 95 68 12 70 64 76 23 44 1 53 30 71 44 67 40 11 89 84 87 55 95 16 58 55 25 33 45 15 15 22 35 49 93 0 92 33 30 82 45 11 29 35 29 88 77 92 78 47 54 52 11 
80 60 4 57 50 48 25 43 7 24 59 84 3 90 71 19 67 93 57 39 93 0 27 41 4 47 61 76 77 83 85 99 61 82 73 17 87 9 17 42 78 40 47 54 24 24 85 33 34 43 88 54 81 96 11 69 30 57 80 3 90 63 29 24 77 37 68 21 71 78 0 71 89 37 22 17 90 82 11 37 40 52 33 95 3 21 93 0 4 26 29 5 94 37 83 25 68 45 6 35 0 91 97 42 65 85 80 10 19 93 65 86 84 74 15 85 16 
62 56 65 75 43 64 76 69 89 61 95 27 91 49 15 1 24 25 15 50 70 77 1 22 37 88 97 18 83 78 63 19 8 73 81 69 66 85 9 83 39 52 70 77 14 47 99 18 40 95 80 48 87 48 40 48 38 92 16 87 36 47 22 15 60 42 35 95 70 95 3 60 56 33 63 37 92 49 73 34 9 17 44 59 81 41 43 15 37 28 63 38 76 96 37 68 71 18 79 1 54 0 32 63 90 60 5 42 40 61 69 26 89 6 6 3 4 
35 63 5 54 72 76 71 83 1 47 97 66 75 54 23 79 60 5 97 71 12 19 95 65 62 85 78 99 74 79 82 87 93 68 0 49 64 73 43 92 87 61 30 66 73 92 81 80 92 74 97 85 54 59 47 6 79 74 53 16 39 59 84 31 64 46 58 21 97 62 31 7 51 50 84 26 69 87 44 29 91 23 70 78 39 46 69 32 3 40 47 17 19 7 53 74 36 23 39 96 68 83 0 84 72 40 34 82 44 27 4 16 5 36 24 70 89 
19 76 9 78 31 87 71 9 84 14 49 37 4 73 45 12 39 17 65 69 11 77 61 67 91 2 2 69 64 17 71 55 3 3 4 70 22 99 22 76 37 8 77 15 49 25 7 80 3 64 18 36 52 87 45 51 70 86 13 49 35 97 61 46 89 9 9 97 41 76 96 46 22 38 72 74 58 95 28 76 1 30 76 85 74 20 74 16 74 55 65 28 52 38 58 56 19 42 28 6 63 53 69 0 95 46 7 59 83 24 55 53 28 99 66 1 98 
17 51 32 70 96 13 30 3 68 26 56 79 51 5 53 59 13 4 72 55 55 92 4 93 31 29 73 0 75 89 83 77 7 66 94 5 72 17 69 74 22 15 45 57 50 82 41 37 74 43 42 83 56 12 37 13 93 21 82 21 15 65 10 86 25 3 97 98 31 46 77 65 86 51 42 77 57 30 3 23 67 96 99 22 89 75 81 63 29 39 46 25 13 42 84 66 57 24 85 36 39 69 18 75 0 50 67 38 71 14 84 59 42 8 97 67 75 
66 90 89 42 89 31 98 42 83 54 99 57 75 31 54 95 34 13 9 12 87 99 12 20 27 72 69 58 88 59 14 28 35 36 43 31 85 60 74 23 23 68 70 23 46 65 95 51 94 86 1 10 24 19 71 18 39 83 46 83 23 86 79 13 24 62 9 74 50 80 30 32 47 81 38 19 55 50 25 36 45 17 6 59 6 95 84 91 21 60 49 60 34 22 35 0 13 95 58 78 16 57 18 45 61 0 3 49 66 85 22 12 26 17 26 76 99 
88 3 59 50 95 84 43 41 97 43 74 10 82 7 87 36 22 8 57 62 68 18 33 24 97 45 0 82 24 67 72 60 87 31 36 90 72 38 58 40 11 85 76 64 35 75 63 60 69 57 4 72 99 88 6 44 43 15 21 15 0 74 25 4 62 38 6 54 95 67 56 87 57 48 72 53 92 75 58 29 80 65 47 30 44 32 34 67 70 59 50 8 59 99 19 87 95 90 54 11 38 58 40 58 58 28 0 15 29 33 61 20 72 15 54 37 88 
46 15 83 12 98 15 20 15 7 17 39 67 10 5 40 62 84 15 27 3 26 16 53 96 82 15 18 5 48 20 68 46 41 75 44 64 8 58 7 56 86 24 39 66 96 41 84 72 57 75 76 40 39 42 74 54 12 97 83 83 72 5 38 48 84 8 70 79 75 99 27 97 7 52 1 92 97 16 93 12 56 41 51 17 70 60 38 87 25 74 35 35 10 76 0 50 41 81 91 61 92 47 16 79 26 83 85 0 67 20 43 53 29 19 22 64 84 
14 59 28 64 58 62 27 9 15 13 89 84 79 34 25 21 27 86 9 31 6 46 25 13 73 94 62 38 45 89 52 11 69 99 97 88 39 90 94 76 42 99 63 91 38 24 71 40 47 61 75 24 73 67 43 26 49 65 5 84 6 30 9 98 3 13 45 46 17 65 28 77 69 40 4 6 30 22 14 45 29 74 62 54 54 17 31 39 48 84 5 68 54 86 86 71 41 51 64 16 86 19 85 4 8 98 69 53 0 71 52 89 61 40 58 25 97 
9 57 99 8 1 11 92 63 77 20 72 96 22 37 30 78 23 73 34 84 8 78 82 60 53 43 20 32 8 48 70 13 54 58 65 17 21 98 96 75 7 20 49 17 39 17 62 6 5 54 26 54 12 88 11 59 40 10 23 33 3 78 11 23 21 1 40 45 63 12 82 54 44 51 36 43 36 6 85 5 54 43 69 73 69 84 23 23 60 46 11 78 58 83 5 5 98 9 64 81 12 99 82 51 72 21 93 46 52 0 96 47 60 12 75 19 86 
67 42 43 34 13 2 99 88 24 66 88 93 33 90 86 40 27 37 31 62 79 49 33 34 15 6 32 54 37 27 17 21 29 66 39 82 23 27 71 50 26 41 63 10 46 93 41 48 69 88 59 40 42 55 66 70 26 41 7 43 75 94 50 98 23 80 51 70 75 92 28 26 79 58 19 36 53 61 25 18 17 50 68 71 55 8 35 19 57 46 93 23 72 64 58 44 74 52 50 2 23 25 36 12 21 35 97 87 78 78 0 22 49 36 44 19 85 
7 31 53 37 31 7 78 10 42 30 22 56 18 93 50 74 96 35 1 10 96 18 2 99 85 41 65 55 37 50 27 72 42 60 2 47 21 69 90 13 27 83 29 1 26 49 81 78 26 85 7 62 69 68 65 93 70 74 61 37 73 40 90 34 81 80 33 2 70 80 80 18 81 28 79 0 75 62 84 59 18 63 60 36 75 13 40 96 37 39 99 62 28 54 26 50 22 54 6 25 82 20 58 67 75 52 80 81 80 37 14 0 31 86 62 66 66 
51 9 41 11 6 19 5 56 53 16 8 61 2 79 6 61 63 41 42 91 37 11 69 92 22 3 49 56 95 82 56 66 17 72 94 0 18 91 69 84 44 9 64 85 98 82 91 30 87 43 1 6 58 54 17 36 92 2 23 37 74 61 99 80 28 57 51 22 75 13 26 13 10 67 42 48 16 51 15 56 34 78 66 44 44 28 81 34 79 15 65 42 1 82 2 54 21 74 34 86 74 1 25 57 79 52 69 76 89 55 30 46 0 73 21 47 50 
18 82 75 33 14 10 51 88 1 30 1 66 95 97 37 26 72 73 64 81 54 34 26 31 66 29 10 36 75 26 90 26 16 67 41 58 86 91 72 21 95 63 56 60 34 48 57 40 99 52 53 80 68 99 41 52 29 86 69 4 57 47 24 30 18 19 86 65 39 53 62 15 49 9 67 26 51 89 86 39 60 43 88 39 4 72 22 63 44 65 39 28 90 1 17 25 28 91 27 69 80 2 35 24 5 74 99 66 86 30 24 62 60 0 60 55 62 
39 73 52 25 13 55 38 85 87 93 92 31 58 14 90 83 13 65 48 2 46 1 28 92 22 1 67 24 45 67 8 0 16 70 73 28 10 23 72 26 8 21 99 32 24 25 33 95 91 81 8 20 75 59 96 89 8 31 46 82 17 39 14 54 0 75 75 86 82 9 88 96 96 54 88 84 74 47 63 80 66 27 61 99 70 6 57 1 44 8 70 29 26 80 66 40 98 40 35 25 20 70 42 91 35 0 48 19 88 8 17 15 93 72 0 69 97 
18 70 90 96 28 76 43 6 82 46 34 17 99 37 56 67 54 49 19 42 27 34 87 74 14 61 10 88 40 66 33 59 22 58 83 1 67 70 36 91 79 63 20 26 70 5 60 16 63 90 38 10 97 6 44 36 68 69 30 38 25 2 49 30 28 38 40 77 87 0 11 18 71 96 48 51 96 10 21 26 66 70 91 79 19 27 72 73 26 69 61 54 49 36 92 65 83 34 86 91 72 53 18 90 37 95 12 87 92 78 8 82 17 97 7 0 28 
21 36 19 49 76 40 92 52 66 0 56 4 27 15 52 85 99 56 6 19 76 75 66 67 91 55 77 73 39 5 84 58 54 79 69 56 58 3 54 55 28 86 11 59 67 73 67 64 91 63 18 30 6 45 73 23 97 19 51 50 64 25 28 77 95 30 42 27 80 60 55 68 46 37 22 54 45 67 82 51 37 36 84 77 42 16 69 94 85 39 27 40 0 98 79 52 67 78 45 20 11 94 92 39 13 27 80 82 16 49 76 24 5 60 50 26 0 
