120
0 65 1 23 12 18 86 72 66 46 68 76 28 48 84 53 20 80 77 41 3 43 75 67 58 35 20 19 18 0 57 57 91 37 84 58 69 14 18 85 88 52 40 89 22 84 60 4 55 61 54 61 9 12 56 92 74 66 48 18 0 25 44 72 31 97 8 68 74 18 25 30 31 74 9 78 45 20 76 68 61 68 18 90 97 27 31 54 2 4 0 90 68 1 6 89 96 64 77 36 73 73 80 27 52 57 41 51 43 73 73 95 62 49 33 63 34 12 30 77 
25 0 69 87 48 34 36 95 72 77 11 71 99 84 89 14 70 79 92 38 67 6 35 50 55 77 83 59 61 35 0 48 90 64 52 55 84 58 79 21 85 84 81 78 74 46 93 95 5 20 40 57 40 17 39 71 7 27 54 12 92 86 57 2 36 19 81 95 66 45 4 50 61 90 11 6 50 67 52 32 63 34 96 66 48 32 67 17 48 16 87 47 60 6 68 14 59 42 77 22 42 1 1 62 27 94 84 27 30 79 88 20 0 73 85 21 16 7 77 39 
93 35 0 38 46 81 56 57 72 47 40 48 50 79 96 48 52 32 38 17 28 41 87 28 88 5 95 90 94 8 46 79 6 70 97 6 24 78 94 41 62 9 57 81 89 34 1 86 76 22 39 5 63 18 37 44 79 60 38 88 61 71 46 23 53 35 38 92 44 48 98 74 55 20 99 81 65 75 88 96 71 87 96 5 10 98 11 56 21 68 63 51 50 67 5 47 76 88 49 87 7 99 3 93 80 40 12 39 60 14 21 52 16 75 78 25 66 17 12 64 
51 74 77 0 94 89 82 37 29 68 74 27 52 82 91 64 83 31 58 29 7 19 79 88 92 23 4 13 4 64 94 52 60 12 68 5 81 9 85 61 95 72 32 55 78 27 59 72 46 92 93 57 99 82 85 98 27 21 44 4 6 66 71 95 16 9 81 51 81 76 71 17 3 61 75 3 86 59 61 80 56 1 89 29 56 21 21 37 76 21 14 28 96 77 90 57 48 49 45 54 38 0 86 73 51 22 70 9 11 34 27 17 3 89 14 17 29 24 67 23 
33 16 34 93 0 26 1 48 51 4 20 65 35 31 22 48 21 81 95 57 69 30 0 37 92 17 49 45 28 72 14 26 59 53 17 33 99 55 2 92 31 40 67 99 98 64 99 46 46 4 9 52 84 10 9 25 83 53 35 61 35 25 29 96 53 31 21 42 17 44 59 40 7 0 61 49 2 78 53 92 83 24 51 3 86 8 40 33 68 38 35 70 98 33 68 3 41 53 27 73 91 68 34 30 94 4 99 55 4 49 69 90 60 28 98 23 31 47 43 54 
54 34 80 5 80 0 7 74 68 44 14 15 63 71 3 70 55 64 80 8 56 68 64 7 63 69 70 49 23 34 40 36 80 81 63 78 28 50 36 12 51 24 42 42 54 43 43 74 35 21 4 28 63 37 76 18 0 38 29 36 80 4 27 29 79 78 7 82 45 56 88 95 55 43 77 31 8 51 77 59 2 2 37 8 27 44 48 68 57 51 61 60 60 88 27 92 27 63 49 23 84 81 94 97 30 56 30 91 81 81 60 74 39 97 61 16 37 5 5 72 
38 0 82 96 57 87 0 60 14 79 10 53 45 51 86 38 19 30 11 47 36 95 15 37 13 35 16 37 58 59 67 98 73 54 26 64 65 47 13 51 43 36 34 94 49 28 74 37 53 4 44 67 17 28 93 3 33 34 14 77 36 48 51 60 53 38 68 3 6 16 6 84 67 6 51 62 26 51 3 3 19 11 20 74 60 35 85 84 18 88 55 10 46 56 72 31 22 38 46 27 76 94 69 26 94 8 77 16 17 50 38 51 81 65 1 40 21 97 80 88 
56 40 99 66 67 68 76 0 73 81 98 68 20 70 8 10 58 52 16 72 64 45 35 2 66 66 52 57 29 96 49 81 36 99 84 22 87 47 79 40 61 98 22 26 66 72 54 15 19 41 12 80 6 47 77 77 39 80 13 67 25 2 83 62 12 86 98 53 15 15 45 55 1 73 89 29 17 71 33 30 2 21 53 38 38 6 80 60 55 57 68 59 76 51 35 48 39 23 30 46 55 6 79 59 29 22 48 3 61 2 96 48 34 83 27 1 20 86 13 95 
81 15 8 21 66 42 93 91 0 69 40 2 87 76 17 75 41 46 21 39 10 18 61 19 76 28 17 49 37 60 40 79 17 34 52 7 77 96 27 46 14 71 75 33 7 73 99 76 37 24 42 78 57 60 45 35 83 3 61 1 26 18 27 30 7 45 81 63 39 4 62 93 30 65 50 74 42 61 48 3 50 98 69 53 72 23 53 27 61 44 92 29 36 58 52 86 56 23 23 29 84 79 41 99 46 90 86 46 73 6 89 53 37 29 97 79 47 48 82 47 
65 46 7 14 7 32 34 4 13 0 48 28 36 83 77 25 10 56 55 40 24 62 62 45 59 77 72 60 73 74 9 19 43 88 62 32 3 0 68 93 23 22 70 57 78 80 79 92 20 77 3 22 54 11 59 60 29 27 80 0 83 10 23 85 8 82 96 92 66 61 27 42 92 31 44 49 89 71 83 85 93 8 46 85 38 62 4 91 93 35 36 51 85 73 86 19 96 94 83 43 33 56 67 72 97 31 0 90 74 60 22 89 75 43 38 44 69 49 96 18 
13 32 77 23 94 29 3 17 42 37 0 15 64 17 64 85 11 96 90 22 55 49 95 93 99 36 7 0 65 79 51 57 20 92 79 74 13 87 5 40 20 55 11 77 17 46 37 57 56 84 98 8 83 58 5 98 59 39 35 51 83 80 4 90 21 6 0 20 97 32 93 67 39 37 91 5 21 87 28 56 99 14 5 19 12 8 33 90 10 29 37 65 49 83 65 63 53 76 63 74 43 89 90 38 47 99 34 90 35 45 31 72 67 72 84 29 80 60 15 90 
95 12 2 58 5 10 72 68 73 84 95 0 1 31 14 50 87 91 53 68 57 9 37 84 10 44 28 30 74 1 50 63 20 79 2 85 99 21 51 11 12 61 1 52 32 80 90 55 20 83 32 4 1 49 77 93 87 86 18 40 65 9 74 77 30 77 58 36 27 23 55 85 89 80 20 28 60 80 6 87 95 68 39 19 23 36 37 16 9 98 24 14 83 33 19 69 46 42 89 8 27 93 57 38 54 6 19 53 61 34 58 60 70 45 58 12 2 75 75 20 
98 48 16 91 75 65 50 32 14 65 90 56 0 83 88 18 74 63 7 97 32 50 97 54 9 95 83 93 97 47 88 21 86 92 51 65 32 82 25 88 88 73 78 9 81 50 0 71 89 48 72 14 44 11 42 41 43 28 1 49 52 37 92 56 96 61 59 32 49 23 85 38 59 86 82 42 51 64 69 17 48 9 21 99 62 69 18 96 52 51 67 9 53 57 14 84 79 71 37 31 5 7 56 35 64 27 24 54 1 11 47 47 13 90 5 46 34 68 63 11 
74 47 26 93 37 2 8 88 28 88 12 96 9 0 49 8 61 19 23 36 76 0 20 73 44 34 84 64 53 43 55 90 18 19 20 49 22 28 81 33 54 58 30 68 62 69 18 48 46 36 58 83 88 64 89 73 11 30 53 51 92 22 35 11 5 65 61 1 51 46 53 97 56 69 75 94 10 56 46 75 32 16 39 81 78 44 34 50 97 81 34 29 98 7 91 90 51 87 24 89 72 82 55 75 71 37 58 37 87 63 88 54 19 29 96 8 19 73 94 27 
82 23 27 22 70 77 60 75 85 17 44 77 21 9 0 95 72 7 94 58 62 61 82 40 10 49 13 0 98 42 71 90 41 17 81 88 99 91 1 69 65 87 8 97 30 23 58 64 17 87 57 21 12 28 24 83 29 84 43 31 27 67 65 73 49 24 29 85 63 22 18 7 74 21 46 35 67 21 22 2 4 40 85 74 28 61 62 61 52 93 19 5 10 39 68 80 53 45 85 35 59 9 10 77 89 14 89 94 9 3 33 31 14 62 37 69 16 59 52 85 
23 36 81 82 19 9 80 34 74 57 8 60 98 95 75 0 32 5 68 43 66 75 77 67 36 31 85 23 94 19 90 45 39 54 97 86 74 63 25 32 40 80 84 6 93 53 40 85 35 63 5 74 7 30 56 63 27 43 89 22 80 54 91 26 61 29 75 68 5 53 28 13 38 99 73 99 27 15 53 97 47 32 61 97 81 65 35 90 48 82 9 19 97 32 48 66 92 47 60 9 55 18 92 43 91 59 25 67 16 16 85 91 8 10 66 53 44 0 47 3 
94 12 74 12 92 6 91 43 90 18 26 92 4 89 31 65 0 39 99 81 75 46 29 84 27 73 86 42 20 80 16 22 11 6 28 12 71 1 6 76 50 63 56 5 57 32 26 45 0 35 17 50 70 31 17 47 64 14 48 67 8 77 84 34 82 63 36 79 78 80 39 61 70 18 47 91 4 95 42 28 63 95 24 83 19 33 64 92 99 16 52 59 35 11 8 83 15 90 74 83 15 89 26 40 53 24 41 6 45 13 28 26 32 30 43 62 16 18 63 46 
27 71 1 6 95 46 53 19 43 70 16 75 81 52 22 17 48 0 57 67 51 88 94 61 58 92 44 83 61 5 28 26 74 74 2 33 74 43 86 70 64 94 36 80 96 16 69 8 22 46 87 49 30 42 62 4 69 38 66 21 22 8 89 59 81 29 18 59 13 31 31 76 25 99 96 43 14 49 56 11 45 17 65 15 47 86 70 21 9 32 92 79 73 50 83 57 80 19 34 62 96 76 58 78 30 7 48 41 1 90 38 15 81 22 89 13 81 68 60 57 
0 83 9 70 64 44 73 97 91 82 90 56 47 92 81 93 28 90 0 39 50 60 21 57 37 66 4 23 99 90 28 37 72 21 27 50 66 1 13 10 89 32 23 92 47 2 41 53 24 18 99 83 70 48 17 54 40 69 13 68 89 24 74 14 88 69 75 50 99 41 88 76 41 9 25 25 56 64 22 51 19 20 71 4 85 81 10 9 73 9 14 40 99 36 98 53 51 67 84 2 88 44 35 90 79 49 41 16 95 98 99 29 47 30 94 79 11 47 40 86 
39 10 18 34 32 1 13 35 45 71 61 69 83 26 50 48 25 20 91 0 51 8 52 56 73 3 93 47 96 47 54 11 10 46 96 2 46 46 17 42 77 17 89 19 28 43 26 51 45 79 87 90 90 51 22 33 77 28 20 23 66 95 77 12 99 31 0 98 18 47 26 49 85 75 98 2 31 87 26 24 11 84 92 36 18 8 64 11 10 9 47 22 14 85 37 97 6 69 97 81 31 88 77 38 33 32 57 1 88 76 72 63 85 45 42 18 94 83 25 56 
9 94 95 59 15 75 2 52 32 61 11 73 55 2 33 5 31 11 46 77 0 2 63 60 86 7 20 94 43 71 75 78 78 53 44 47 71 90 3 44 48 7 42 91 75 70 43 92 94 13 20 26 42 71 70 32 72 93 36 22 77 9 46 87 92 33 34 43 62 30 10 74 33 69 80 60 46 83 0 96 90 46 84 87 44 75 50 6 73 39 98 65 16 51 95 12 42 95 61 91 63 56 80 45 19 80 48 90 48 63 93 86 55 49 78 68 34 95 19 43 
26 41 48 19 10 97 1 96 76 13 32 52 83 23 25 21 7 30 77 41 25 0 77 14 42 27 56 87 54 20 75 5 43 1 3 54 49 13 88 13 56 94 57 71 61 53 48 61 18 51 33 32 82 27 6 62 12 1 5 6 6 64 98 92 74 80 65 47 53 5 88 99 80 97 26 7 58 90 78 24 12 13 67 84 68 80 78 83 55 5 66 72 77 4 93 72 24 57 11 51 45 72 84 55 8 32 39 67 52 34 6 54 18 8 35 81 71 24 56 87 
40 35 62 92 79 21 59 36 0 70 53 2 29 8 25 69 52 75 38 72 6 5 0 0 10 33 88 36 88 88 69 64 32 19 76 77 82 6 94 21 82 47 58 36 66 12 49 26 49 87 94 22 13 52 2 46 26 5 69 72 65 57 69 63 68 80 22 35 71 84 88 98 4 97 46 86 72 41 49 28 39 70 89 91 98 54 94 51 92 22 43 74 6 84 88 96 81 83 91 35 18 72 83 11 56 5 8 12 78 95 46 2 19 93 80 89 80 5 32 1 
41 47 35 93 93 93 3 16 65 43 86 87 80 26 26 43 40 21 14 54 47 71 80 0 21 40 20 63 56 47 16 29 37 22 70 95 23 74 30 22 15 45 81 67 26 52 19 98 95 25 31 38 52 76 59 53 28 84 34 71 48 81 99 73 46 89 17 93 99 88 33 97 64 65 65 82 32 50 94 86 94 35 36 58 35 12 54 22 64 5 89 35 44 12 95 60 52 67 85 28 5 47 66 55 4 73 38 44 53 75 55 20 53 66 16 85 37 68 36 50 
96 69 79 19 42 20 23 45 24 24 57 8 53 68 83 21 14 16 74 11 9 26 66 22 0 15 30 66 99 64 70 6 39 57 2 21 55 29 28 47 93 98 44 63 45 66 62 14 15 75 12 55 41 0 23 8 8 65 83 31 1 46 13 87 2 31 37 50 39 90 0 11 59 57 86 29 60 94 81 62 80 34 24 74 21 6 39 80 28 79 1 47 89 52 26 75 3 49 42 76 84 91 81 88 44 14 92 28 51 16 14 91 93 51 31 75 19 39 6 2 
31 64 75 34 21 15 68 67 53 95 73 49 80 13 2 85 88 28 65 31 44 32 29 22 9 0 96 43 34 3 75 59 95 72 24 87 64 52 33 84 77 37 58 62 50 21 4 99 86 50 4 48 80 34 58 44 2 26 75 54 14 77 11 10 78 17 92 51 4 38 8 80 24 54 38 41 26 86 12 17 31 15 77 38 29 57 82 22 47 89 72 1 52 5 25 72 99 67 84 96 56 95 94 7 29 69 18 42 63 71 65 36 93 75 96 92 7 21 97 92 
18 29 12 60 0 36 74 96 50 26 39 59 62 95 93 66 25 98 26 88 87 96 71 6 47 29 0 61 16 54 11 29 12 45 16 74 35 70 13 6 22 0 65 70 18 98 34 8 92 13 93 20 9 11 1 11 77 61 62 99 91 14 89 99 53 46 11 95 98 73 0 41 83 64 9 36 82 54 37 34 78 93 61 5 83 79 79 47 37 60 46 66 49 2 37 91 0 61 85 23 21 14 33 28 22 94 17 14 91 80 27 29 47 87 91 28 39 71 80 48 
69 99 16 87 74 0 90 25 60 96 79 49 52 41 32 61 24 59 6 51 93 37 80 48 7 49 6 0 10 50 74 10 55 45 46 29 94 54 58 44 61 26 9 41 49 35 78 1 33 52 90 40 36 0 53 12 15 55 58 27 50 90 73 12 18 82 6 25 82 52 20 87 60 73 3 35 52 81 21 33 89 98 11 91 8 71 84 35 17 74 26 10 57 12 88 78 34 79 69 35 11 46 68 27 0 49 3 92 58 72 41 95 23 95 98 46 12 20 37 85 
88 61 82 46 26 64 91 49 0 65 69 64 50 71 88 4 22 23 87 44 98 70 15 35 77 82 20 38 0 19 41 93 51 83 59 92 40 75 69 26 35 62 87 74 20 47 34 49 7 35 26 61 25 89 68 31 5 65 32 92 34 14 80 96 3 78 20 15 40 28 69 88 50 38 49 14 50 29 92 7 99 73 75 93 9 74 35 69 61 77 56 78 87 24 59 78 23 13 21 80 54 70 67 34 88 82 0 7 87 69 82 74 24 93 57 17 93 57 1 12 
79 91 35 6 49 50 39 19 34 72 57 77 69 76 74 28 23 76 63 72 71 42 86 5 70 0 65 23 76 0 44 51 30 0 13 0 77 91 44 16 42 48 83 93 45 1 87 32 74 62 7 27 34 89 13 29 10 41 76 41 50 67 0 41 25 78 82 35 30 98 85 70 20 94 66 36 80 4 51 71 47 58 18 15 63 54 85 31 79 9 95 24 15 70 16 86 30 31 49 29 58 58 50 17 93 14 25 30 3 48 47 85 93 25 15 71 73 45 83 76 
29 15 12 43 60 96 78 16 0 82 36 49 35 34 50 13 93 58 48 52 72 73 92 16 38 76 77 32 88 32 0 86 36 19 98 14 84 27 78 94 2 65 31 90 59 91 19 85 6 7 81 15 38 33 5 29 41 66 16 75 1 6 60 43 78 26 77 51 35 36 28 5 95 67 18 34 72 85 93 36 87 85 39 34 22 42 34 90 68 55 20 55 71 77 32 66 8 19 66 93 51 61 65 6 5 7 72 26 80 42 95 15 54 1 92 65 90 38 76 41 
93 15 60 24 41 76 86 10 8 0 81 50 76 56 90 78 26 53 59 85 77 41 6 97 13 80 12 8 50 80 89 0 55 4 67 56 38 35 68 19 7 4 73 76 17 59 68 27 53 87 64 93 3 74 46 94 79 30 25 83 76 21 3 14 75 4 3 12 65 14 19 86 14 78 88 48 1 31 13 47 74 93 9 65 4 28 1 14 48 3 46 22 91 43 8 82 34 83 83 85 37 98 31 5 3 71 27 46 64 28 36 79 1 46 49 91 0 29 79 47 
49 5 17 72 6 37 45 91 39 3 79 42 21 61 99 97 5 19 39 1 69 87 64 2 7 31 89 47 95 12 78 1 0 94 8 47 84 61 54 77 46 0 82 42 42 99 57 12 65 52 26 80 69 4 11 81 2 8 36 76 6 69 94 21 83 21 88 67 80 1 70 60 27 61 46 17 15 2 58 53 63 5 84 18 86 61 33 68 81 99 12 45 54 46 22 61 30 13 85 59 68 40 22 7 13 55 84 0 64 94 27 82 32 68 21 68 4 72 44 59 
31 33 89 15 37 94 37 44 98 96 23 97 10 32 74 73 89 81 5 66 98 39 56 11 63 32 1 39 68 85 5 52 1 0 69 30 87 6 93 70 21 62 58 18 6 11 91 40 22 51 84 3 5 15 42 70 69 85 18 44 99 24 76 87 83 83 44 26 93 57 91 41 52 91 92 93 98 88 59 46 11 50 28 91 75 5 29 28 11 30 81 49 16 90 93 42 90 37 69 3 96 38 92 87 94 13 14 2 57 44 30 72 10 39 88 28 61 86 13 14 
69 61 94 10 53 37 56 55 95 38 65 99 81 5 56 3 50 63 55 35 82 59 86 97 2 1 92 16 11 36 86 33 40 47 0 12 45 60 89 73 13 94 67 3 3 17 82 95 62 68 34 19 50 34 73 5 33 28 29 66 34 12 98 96 5 58 28 28 91 91 90 24 20 81 19 32 87 86 18 45 27 96 33 88 77 1 70 5 5 53 91 79 58 9 64 63 44 29 95 66 29 99 80 5 33 98 3 44 71 96 28 7 79 87 65 7 53 91 71 68 
52 94 3 61 55 98 67 72 56 81 58 1 33 31 88 84 76 52 11 85 55 81 0 23 8 60 10 94 78 72 74 76 55 79 20 0 4 74 27 69 89 21 24 70 29 36 65 96 81 28 95 79 14 19 91 22 90 13 63 32 89 52 83 5 40 17 62 50 31 4 60 80 95 22 32 42 63 2 91 62 0 57 40 18 45 87 95 38 41 11 93 30 35 35 21 3 87 22 57 39 19 11 8 63 3 27 44 16 67 62 34 1 90 19 90 89 38 79 37 16 
38 56 56 17 85 79 74 32 7 55 99 9 15 84 65 54 51 21 25 80 28 30 30 57 97 87 53 91 26 58 24 89 54 20 58 0 0 38 99 30 80 75 31 20 33 36 83 13 5 60 75 86 99 18 49 78 55 62 13 5 1 45 22 90 76 58 34 11 36 83 5 48 64 7 11 73 14 26 36 88 16 67 82 91 17 26 90 12 93 54 72 95 75 42 41 25 17 72 38 81 25 32 63 5 30 95 14 60 93 23 7 8 92 62 65 56 86 52 31 86 
41 31 72 66 40 94 88 54 72 66 49 58 91 72 99 69 80 55 8 56 62 90 64 15 43 87 4 34 69 59 70 37 9 18 13 2 65 0 92 15 13 9 50 70 6 13 87 99 8 17 22 54 30 60 17 58 26 11 28 56 43 79 40 92 0 19 96 8 28 10 53 27 61 52 54 85 35 67 2 60 78 73 98 39 44 32 72 7 1 31 3 64 94 20 34 10 21 6 39 41 71 62 40 42 27 98 64 95 15 79 65 14 90 68 2 8 61 46 24 81 
76 39 95 29 40 19 30 46 2 75 9 47 91 46 2 57 67 9 2 72 53 3 31 53 25 38 74 60 85 37 89 6 98 87 63 10 83 81 0 47 9 0 76 0 90 40 66 82 47 9 31 91 22 61 36 92 25 47 51 74 23 9 82 18 20 81 75 61 91 74 9 54 6 19 43 22 91 43 29 37 22 5 79 22 59 44 73 9 54 44 40 87 2 67 13 52 84 79 40 88 89 25 65 34 39 38 2 73 61 35 52 94 69 38 85 33 39 21 3 86 
84 91 16 87 4 97 73 74 2 8 81 75 3 12 79 72 47 47 35 91 0 56 51 42 35 18 85 99 57 64 30 54 11 62 23 39 90 23 31 0 64 94 98 97 76 18 60 15 40 26 8 73 79 29 71 45 73 22 35 60 96 93 90 41 42 22 15 93 59 83 76 23 24 44 35 66 2 9 72 86 53 3 30 36 52 95 58 11 70 56 65 12 47 88 49 9 5 31 42 58 31 40 47 88 83 24 45 40 69 36 61 56 35 83 21 61 20 71 75 61 
69 18 22 55 78 65 67 82 44 60 93 14 67 63 91 7 31 10 9 57 69 44 46 61 43 47 0 62 50 8 46 50 43 9 4 68 44 9 52 51 0 82 50 74 34 76 87 77 80 92 21 70 2 25 53 18 52 61 73 84 1 17 98 65 11 44 59 56 47 73 23 30 77 28 73 83 41 24 29 75 86 62 99 79 76 75 93 28 77 28 18 37 73 75 46 82 76 63 89 14 92 49 75 71 76 5 2 34 19 16 16 28 58 43 18 71 82 50 18 77 
22 76 66 55 1 11 20 1 72 24 66 10 48 40 74 30 63 10 23 87 52 57 9 92 32 86 68 87 16 14 64 31 77 74 77 38 64 45 38 48 68 0 72 96 35 37 14 39 68 79 34 12 56 80 73 14 0 95 97 35 35 10 15 2 49 35 78 19 73 3 73 38 29 59 47 18 78 45 71 43 60 39 78 99 83 47 93 46 99 32 28 52 74 96 93 68 28 11 7 52 42 47 47 64 91 83 52 84 43 3 87 5 66 41 14 87 69 18 74 74 
93 58 96 83 6 22 44 95 18 42 66 23 91 49 87 91 14 25 80 49 38 90 98 49 6 95 49 32 62 19 22 5 7 47 37 4 41 25 93 86 93 40 0 42 78 28 24 41 23 23 36 6 94 51 41 32 80 80 41 35 45 42 68 83 76 88 0 30 87 56 12 18 45 40 0 92 95 79 79 85 29 17 2 91 0 29 21 77 53 1 16 29 47 84 24 59 66 88 20 15 0 91 15 4 57 24 56 24 16 74 84 99 96 84 24 75 53 5 23 66 
69 20 88 55 15 93 59 12 63 87 57 25 14 21 78 27 2 12 81 0 3 34 27 51 21 29 94 52 14 87 4 25 19 14 97 52 71 41 25 28 84 49 20 0 12 3 52 81 15 26 4 46 91 5 15 10 5 27 14 87 57 71 23 11 55 51 26 14 89 0 8 79 17 0 11 64 43 73 98 96 61 15 96 13 51 38 9 87 81 14 93 64 20 40 0 56 24 82 51 12 9 94 34 99 98 88 9 31 83 82 99 28 87 9 49 2 92 74 35 96 
87 75 50 52 89 5 52 47 29 87 40 34 45 57 78 19 34 14 29 78 47 72 49 91 82 63 25 75 39 9 90 79 16 13 67 72 25 66 17 52 88 35 34 2 0 60 53 69 98 91 53 13 8 0 60 15 67 87 9 95 2 68 15 6 79 98 65 62 80 0 58 91 11 94 37 31 57 3 26 43 12 4 95 72 75 69 87 92 95 36 72 96 99 86 40 7 0 78 18 54 43 29 99 32 13 40 17 78 82 53 36 4 29 53 12 14 4 43 11 61 
43 62 19 26 96 93 51 45 90 52 56 36 66 8 44 70 81 20 28 40 23 71 34 59 50 34 0 80 90 1 88 66 32 10 67 92 59 86 94 91 66 17 72 46 61 0 31 64 63 50 0 86 47 89 92 62 61 45 78 72 80 94 80 20 86 12 98 43 26 12 41 11 22 42 91 25 74 80 3 60 1 7 46 5 25 91 25 10 54 0 39 80 61 88 96 50 46 53 4 23 61 28 81 92 46 76 35 24 32 18 50 16 12 33 96 19 97 18 90 31 
66 2 56 95 0 75 32 22 15 97 46 92 40 23 43 63 15 75 6 68 58 87 20 49 26 5 28 76 76 2 14 5 29 43 93 13 99 84 72 95 90 6 26 33 15 5 0 18 9 44 83 54 57 22 89 16 13 21 87 20 19 65 6 69 85 78 15 18 27 49 71 89 75 22 43 31 27 94 17 79 98 74 60 9 44 79 54 95 80 94 8 14 24 0 35 60 81 90 66 35 0 34 39 95 24 22 33 36 93 22 44 53 26 65 47 57 80 18 58 24 
48 5 3 12 92 81 81 19 10 97 97 64 72 79 49 37 23 13 50 91 23 42 46 69 65 1 22 44 2 65 51 68 88 46 32 85 98 1 56 37 63 23 26 41 32 10 9 0 59 41 12 67 15 34 86 2 98 43 70 11 92 69 18 11 39 56 36 63 53 66 35 71 42 30 27 43 38 91 73 66 6 56 11 49 59 89 3 17 81 64 55 65 83 13 97 86 55 83 48 44 43 85 83 38 0 2 98 75 71 98 20 49 94 1 77 15 77 93 20 50 
82 63 13 40 88 87 20 30 83 15 98 12 61 7 69 31 28 98 57 90 21 88 90 42 22 36 16 57 40 61 25 22 44 6 88 20 98 14 53 81 81 6 14 61 78 26 26 92 0 92 40 65 32 2 89 23 56 15 68 42 19 76 66 98 89 71 23 88 25 23 7 83 23 21 29 43 13 10 5 9 81 20 2 93 26 31 2 51 88 28 35 68 85 1 94 68 55 44 35 37 56 50 65 2 26 76 76 63 3 85 73 94 64 48 9 95 50 0 83 30 
90 6 40 5 16 86 96 90 43 75 59 78 83 23 5 75 3 18 4 32 51 11 20 90 59 26 82 76 18 50 58 13 9 8 42 27 14 85 81 76 54 55 65 28 36 77 14 29 81 0 38 14 11 45 95 70 44 74 17 31 44 53 91 5 39 38 59 19 40 77 29 15 59 39 76 10 11 6 54 48 4 66 93 49 7 5 47 37 8 71 99 13 83 63 92 84 24 97 43 17 21 80 22 18 41 7 52 70 50 65 9 36 89 11 50 64 54 56 86 36 
11 63 0 68 69 28 46 2 85 21 63 69 74 91 44 49 56 42 8 1 91 14 50 77 26 8 61 99 2 29 84 92 23 25 21 43 9 28 59 91 81 23 47 75 39 75 67 52 0 11 0 30 50 28 19 81 19 73 60 60 45 92 35 26 79 34 47 49 12 16 44 28 88 16 22 68 71 15 78 71 84 55 91 26 87 78 42 22 11 70 36 12 16 56 4 30 5 84 22 25 10 62 79 34 60 99 95 6 77 55 50 85 68 19 10 39 99 77 61 21 
33 83 7 88 94 85 8 5 4 83 78 69 12 15 12 59 16 13 78 24 37 15 93 59 0 12 24 94 49 96 26 10 3 18 3 66 41 85 33 63 15 57 90 92 4 6 45 49 54 50 71 0 94 75 11 1 70 61 76 20 75 42 92 60 93 83 15 69 26 91 42 96 64 35 85 83 55 24 36 37 83 69 86 21 93 99 58 29 18 11 73 82 88 15 94 95 82 81 44 88 89 93 77 26 24 58 32 12 41 41 41 21 76 27 5 5 73 24 98 97 
99 52 10 96 32 78 87 64 9 60 59 34 6 91 13 50 48 64 96 3 10 35 17 91 62 56 76 2 21 96 9 30 6 19 71 8 61 84 10 45 94 12 27 64 22 69 36 72 74 71 63 41 0 16 26 63 65 3 56 3 73 94 21 68 78 77 81 29 86 83 93 10 0 90 66 72 33 49 7 52 20 7 50 48 49 8 70 97 45 21 68 72 14 35 49 26 75 9 36 99 32 59 69 74 4 71 77 15 2 70 73 2 46 3 86 8 93 45 35 21 
69 55 80 65 5 69 78 53 24 23 99 89 20 57 76 87 37 10 38 47 3 93 70 78 26 31 77 90 26 96 45 4 28 9 58 33 73 75 57 31 21 93 59 87 34 28 49 45 23 43 68 64 12 0 47 56 76 1 61 15 98 35 0 56 5 31 98 5 28 74 98 38 85 18 76 91 34 40 80 14 91 90 83 51 46 84 64 45 15 66 67 95 12 54 66 59 74 72 16 66 39 82 29 1 95 55 65 72 45 20 90 38 78 35 52 76 74 75 55 7 
0 8 47 73 93 16 81 4 77 48 26 71 0 59 69 26 48 40 18 37 28 54 86 76 95 64 75 70 7 51 88 12 35 89 79 46 64 16 99 5 67 40 76 28 42 38 77 76 38 10 49 86 20 47 0 31 53 3 51 57 62 97 6 49 69 76 21 69 85 81 24 52 19 32 75 2 84 66 70 50 85 27 64 56 52 40 59 86 82 13 95 28 23 57 93 87 6 62 90 7 74 9 17 97 3 7 65 44 23 26 0 64 56 36 2 77 78 60 78 10 
69 4 52 18 29 66 7 33 7 11 85 51 78 54 30 54 83 50 82 58 97 57 8 22 12 72 68 54 45 96 59 0 67 39 98 29 69 36 65 64 24 97 55 27 41 3 48 62 76 19 42 24 7 39 97 0 12 59 49 14 85 0 49 35 55 8 23 66 83 14 11 63 59 53 5 83 62 77 45 39 61 66 47 38 22 73 41 92 52 55 37 8 9 67 30 10 48 24 4 50 74 21 80 52 12 90 50 85 3 44 34 66 0 61 94 85 36 94 41 61 
15 33 57 59 26 83 43 19 10 15 69 72 92 33 66 69 99 95 86 77 12 6 12 50 15 80 35 50 38 50 61 87 35 85 13 54 99 95 77 71 66 92 44 11 11 23 81 78 93 83 79 63 20 18 26 43 0 25 65 15 7 48 50 45 95 84 51 52 92 94 92 31 1 4 77 3 11 85 1 18 46 61 36 62 8 55 16 9 76 19 10 6 67 14 65 60 49 1 15 32 39 34 9 85 70 19 72 31 76 17 86 43 10 16 80 7 50 48 77 3 
10 92 89 80 99 32 7 94 8 63 65 51 39 15 95 51 14 15 75 59 14 82 51 82 2 42 32 81 27 97 68 99 93 33 24 21 49 27 1 35 77 85 97 42 22 80 4 38 85 77 92 17 70 30 11 11 89 0 86 68 29 34 17 86 65 92 61 21 8 27 73 38 31 40 0 82 24 93 95 83 73 10 77 72 59 86 28 79 29 56 16 12 15 27 36 26 42 28 53 90 54 35 83 39 35 92 7 58 79 57 87 41 96 74 78 47 42 28 44 1 
3 2 5 96 11 94 94 36 77 25 76 28 43 95 34 35 46 22 79 43 73 69 84 28 80 32 12 93 10 15 29 84 80 41 13 84 93 83 87 65 34 22 23 55 27 46 4 19 9 17 11 86 11 85 34 20 40 89 0 13 46 47 75 69 37 21 3 55 72 72 27 39 32 21 0 90 79 30 16 6 10 30 39 32 16 85 21 97 28 88 5 54 94 44 20 39 47 16 48 84 48 50 61 50 46 71 11 47 96 11 34 73 28 51 18 26 91 95 77 81 
28 32 83 62 17 6 15 95 35 4 37 75 87 93 88 8 50 15 30 73 5 39 46 47 6 83 2 44 60 36 65 58 77 57 73 22 55 97 38 61 92 89 50 1 7 45 42 21 48 21 10 74 16 94 42 78 35 91 8 0 30 43 37 50 4 30 98 44 69 79 77 87 85 38 56 11 5 38 96 95 77 41 82 58 62 55 75 29 96 67 54 92 17 92 74 87 92 47 67 7 60 83 6 9 59 78 20 27 56 22 40 57 64 60 53 60 75 76 12 95 
35 95 68 82 85 35 31 88 96 73 52 28 90 81 51 92 59 51 89 27 1 77 63 33 27 22 46 37 94 77 79 8 97 79 73 53 25 63 48 29 45 80 70 39 37 78 29 24 93 5 72 6 69 40 82 72 64 94 81 40 0 17 59 77 76 24 17 30 30 22 34 44 78 95 82 56 18 93 95 64 65 61 9 67 25 99 7 92 97 88 56 83 31 32 95 2 99 30 8 9 60 55 18 52 71 54 42 38 35 3 62 11 40 92 75 72 72 28 22 60 
60 63 53 31 99 66 31 97 42 17 45 93 48 57 69 68 61 15 73 21 34 90 24 96 32 24 81 71 15 56 61 53 65 2 12 29 16 20 72 36 28 68 18 35 54 15 89 47 6 40 41 32 89 31 65 33 56 26 10 78 29 0 18 4 8 60 95 70 2 29 21 81 25 33 51 42 69 81 98 11 95 92 78 17 39 18 6 28 99 94 6 23 27 15 38 14 49 57 95 70 21 95 38 60 13 21 29 90 54 11 61 75 78 82 54 62 83 93 90 79 
94 94 0 2 5 28 29 41 99 65 99 96 6 81 46 56 3 48 24 53 94 9 85 29 93 60 90 95 66 64 79 5 5 74 33 95 41 69 87 47 12 3 9 53 17 84 78 40 65 62 11 8 98 10 89 17 4 2 84 5 82 1 0 55 85 94 11 55 56 25 66 71 98 22 22 67 65 59 12 93 26 81 48 94 62 29 64 78 51 42 81 86 23 75 76 23 37 3 26 55 0 99 74 38 28 82 64 99 22 71 56 28 88 96 32 13 3 71 40 75 
3 9 56 42 37 95 11 61 11 41 50 26 52 71 82 51 70 76 29 95 58 45 17 51 88 94 96 60 28 12 29 65 45 99 42 86 44 56 88 85 4 11 91 78 18 35 58 51 56 35 23 93 17 73 43 69 48 10 23 95 73 73 24 0 48 64 45 81 48 19 13 63 46 89 47 25 69 82 1 77 53 94 56 15 51 46 28 22 82 21 58 77 17 24 49 5 79 2 54 64 18 67 55 77 89 52 23 96 29 78 48 28 6 8 31 38 67 33 49 5 
83 23 16 99 84 39 24 63 98 1 28 23 70 79 52 6 17 98 76 96 64 69 41 95 13 46 56 23 47 75 45 16 8 2 65 31 84 90 27 67 22 94 21 75 87 87 98 74 71 22 14 34 16 8 46 33 75 64 11 2 74 39 34 57 0 36 70 80 43 55 51 60 81 31 69 50 26 0 12 81 8 19 86 61 40 47 33 25 11 59 29 23 95 91 38 46 82 32 34 95 90 70 97 26 56 24 31 67 94 39 57 99 97 47 13 60 32 28 36 98 
93 70 35 89 30 92 70 80 76 99 68 0 95 53 13 78 41 10 70 43 14 75 23 30 92 86 95 64 41 38 56 43 90 4 44 1 44 28 78 5 58 69 51 12 77 20 81 70 16 80 42 76 34 44 73 13 75 22 19 69 4 55 21 42 67 0 0 2 59 87 91 88 24 85 4 90 43 25 51 65 13 28 59 57 36 54 58 8 13 91 79 50 83 27 14 40 74 48 82 55 99 65 13 40 85 81 21 58 81 32 26 32 55 62 82 14 12 14 36 74 
20 27 74 25 17 55 78 12 11 24 99 68 60 93 41 74 56 45 55 84 29 35 62 34 8 22 54 61 76 63 92 78 4 45 63 18 85 61 41 65 54 84 47 29 59 71 85 55 30 30 75 70 88 84 41 96 85 35 42 41 99 71 77 1 49 50 0 57 66 69 0 10 76 74 32 97 90 64 39 64 83 65 15 44 37 10 61 8 37 57 14 43 68 6 8 71 1 81 81 61 13 25 80 41 77 35 71 45 31 59 41 62 52 4 50 40 17 99 93 56 
93 61 50 88 88 61 17 14 26 38 19 98 47 31 45 2 70 86 42 84 36 23 70 63 17 96 61 47 26 26 13 11 69 15 12 10 66 36 70 2 11 79 40 24 36 26 19 88 53 77 64 34 41 49 77 91 27 51 64 90 12 37 99 38 45 49 80 0 69 70 83 16 27 88 88 8 73 36 93 30 65 42 99 27 46 97 69 57 94 24 52 49 13 94 90 36 82 15 2 70 76 8 29 33 49 74 10 82 46 6 1 31 52 88 29 9 77 18 75 64 
16 84 67 13 11 46 22 97 53 70 3 65 71 40 67 58 52 84 92 10 34 92 17 41 1 27 32 18 14 30 43 22 30 29 29 23 20 43 92 25 93 23 43 74 23 22 85 60 33 14 94 34 62 68 23 20 20 60 1 27 94 47 52 25 2 66 85 13 0 25 4 74 60 12 80 38 36 4 86 23 30 10 93 69 84 5 0 41 72 57 38 80 76 17 79 67 26 53 48 3 80 62 30 54 26 96 40 52 41 45 52 29 20 92 17 47 73 45 58 20 
53 64 58 15 61 81 79 0 98 79 33 15 56 18 2 85 75 60 52 90 46 35 55 98 2 3 92 58 52 98 63 52 59 18 71 32 57 5 51 47 20 96 29 34 16 25 78 3 64 55 55 38 90 77 45 51 85 59 21 42 50 13 27 57 11 49 21 62 65 0 31 91 99 96 49 15 7 89 73 31 87 59 23 58 75 7 99 68 96 27 65 93 93 71 65 22 18 75 42 69 65 48 35 19 29 70 52 59 30 82 83 53 99 22 3 16 26 14 23 69 
29 22 51 50 69 42 67 40 72 73 53 82 14 87 74 19 54 90 90 5 68 8 82 4 97 64 2 49 1 10 74 65 29 45 42 91 9 4 47 61 75 88 82 72 0 74 68 10 19 64 48 75 71 47 15 3 90 89 94 46 71 64 71 30 85 84 63 81 26 9 0 24 21 27 48 18 44 63 36 88 78 15 25 48 58 1 95 65 36 69 9 50 66 12 88 95 5 9 67 8 35 47 12 58 7 84 74 39 38 95 94 70 33 60 24 80 44 6 87 22 
54 68 76 86 82 65 58 33 98 37 10 31 94 0 14 11 17 17 80 42 89 13 84 51 81 19 32 18 36 97 36 42 72 61 19 45 5 37 93 63 85 80 5 26 41 33 6 48 69 59 56 16 21 0 38 95 12 36 35 4 99 41 21 14 75 37 77 13 71 84 41 0 97 53 40 45 19 76 79 62 87 37 50 52 99 30 84 11 81 27 47 25 52 44 41 99 73 72 8 33 89 93 38 4 88 56 31 73 32 32 8 20 20 95 34 90 36 70 14 27 
58 62 24 32 8 95 22 22 60 1 1 13 53 30 4 8 84 57 90 25 39 88 23 88 70 80 78 25 12 50 37 76 17 93 78 21 18 53 86 65 75 31 22 69 53 31 49 70 72 19 8 97 34 89 41 23 58 4 16 34 33 84 65 44 35 12 10 5 20 22 96 29 0 93 22 61 27 69 71 77 97 20 55 63 9 63 46 32 25 67 47 50 63 93 35 98 43 75 63 20 83 92 52 36 34 18 86 79 92 53 94 93 42 21 78 41 85 9 59 19 
74 82 57 36 50 38 32 41 15 22 10 35 7 48 82 59 87 87 35 67 41 97 29 79 89 35 22 83 42 83 61 50 17 83 2 76 89 98 18 61 86 64 68 97 5 31 53 44 73 24 53 51 73 25 60 42 97 5 0 41 27 31 35 90 63 45 62 76 46 92 81 50 4 0 59 7 24 41 85 27 7 32 44 47 5 28 74 21 55 71 0 96 87 75 84 2 65 59 24 0 94 0 35 2 85 67 10 65 53 28 41 15 13 63 48 19 26 78 74 18 
72 87 99 38 52 24 42 89 37 39 9 82 83 75 17 48 76 93 59 0 56 88 49 66 44 47 35 15 62 51 90 95 44 8 91 50 69 82 33 5 30 92 35 30 18 36 97 80 21 78 98 90 68 3 36 23 22 64 34 49 45 87 14 31 91 91 63 31 22 63 8 16 39 73 0 71 9 82 29 98 49 56 28 4 28 75 68 26 75 23 85 64 67 34 7 50 54 49 39 68 95 67 16 29 57 36 8 85 16 30 20 42 24 92 61 77 10 75 83 11 
89 61 75 26 6 10 78 7 21 11 46 17 44 19 86 67 5 13 58 16 89 67 63 24 28 68 73 60 8 77 48 43 77 70 50 95 14 85 36 91 3 36 78 7 80 39 56 62 91 14 26 61 81 93 12 8 85 35 93 66 62 56 7 98 56 25 1 12 23 51 9 67 0 61 15 0 81 41 44 78 46 8 64 9 15 32 75 30 50 24 86 49 86 40 54 25 64 81 95 33 29 9 11 45 80 25 80 66 4 77 19 80 99 34 34 23 86 78 79 22 
66 12 55 49 92 66 41 73 1 73 19 62 45 12 95 80 76 89 31 91 39 54 63 14 1 28 97 32 52 6 23 74 24 81 85 4 34 71 6 6 57 31 57 75 4 16 85 39 97 17 37 62 83 37 70 36 56 39 75 83 98 82 4 76 0 68 56 67 25 5 25 90 24 75 81 97 0 67 8 14 96 77 16 11 6 0 22 94 19 4 62 82 88 3 29 38 82 2 96 69 69 32 34 1 21 58 78 31 32 62 58 45 25 6 87 72 68 69 69 13 
98 62 46 1 1 84 86 24 62 46 26 7 24 80 43 36 33 99 31 16 99 8 88 28 37 86 65 12 87 79 53 67 49 52 77 53 0 24 26 24 55 60 41 14 17 44 73 64 27 59 99 15 55 61 55 5 16 83 10 43 92 81 64 6 56 59 94 61 62 81 26 8 82 96 14 99 79 0 82 50 82 68 19 1 93 91 30 64 65 14 39 91 70 11 43 25 84 63 31 67 49 98 75 56 25 41 50 44 60 32 2 71 25 95 57 41 13 36 71 1 
76 4 36 59 63 56 23 47 50 46 92 60 37 69 39 49 98 5 58 83 91 77 45 84 51 72 46 8 51 34 7 59 45 12 13 7 5 74 18 68 12 38 7 1 26 79 20 97 61 31 56 84 36 1 26 93 70 87 58 77 15 13 63 70 57 92 21 78 65 66 2 78 98 21 30 39 19 87 0 3 8 8 54 88 30 93 21 58 37 71 48 74 25 17 32 86 26 13 59 50 64 89 71 47 6 51 69 62 70 36 46 76 30 64 62 99 46 20 9 77 
86 62 71 8 11 10 84 25 70 18 53 91 94 76 14 4 76 20 1 28 20 25 12 90 70 69 31 23 87 32 93 46 59 39 17 66 60 1 16 99 64 95 50 11 15 90 99 86 4 69 45 50 91 55 88 94 18 90 33 9 45 42 96 66 3 77 77 66 62 43 45 77 87 75 23 24 64 12 21 0 21 6 50 69 86 75 53 31 3 25 93 33 33 17 56 47 72 56 57 50 29 28 22 15 43 98 21 46 13 28 13 50 32 78 87 42 22 95 39 37 
73 58 36 93 4 54 68 33 72 24 99 22 56 3 96 78 19 95 98 81 58 7 29 43 7 64 75 46 24 71 34 61 33 62 40 99 96 89 38 19 28 12 87 37 86 10 36 77 76 72 90 75 15 58 56 51 39 35 39 59 50 0 33 36 31 86 68 86 95 49 32 61 29 56 68 61 78 66 23 4 0 16 30 48 92 92 28 91 68 95 41 51 20 18 81 44 97 42 68 70 46 7 90 48 38 14 44 64 51 22 49 96 57 15 1 66 88 81 98 41 
22 80 96 31 89 78 71 43 58 83 97 16 95 26 65 49 79 72 84 17 72 84 94 11 14 62 37 34 35 42 35 46 79 62 94 26 82 0 21 43 68 97 73 75 2 30 69 80 56 98 60 67 39 78 30 36 20 5 50 33 2 39 27 95 97 84 9 33 92 71 71 27 54 37 88 35 29 21 19 51 68 0 89 40 40 36 51 88 76 82 63 56 6 31 20 71 22 24 15 26 68 41 26 86 59 62 23 22 59 54 97 94 48 44 24 83 67 55 86 57 
22 41 45 7 59 32 17 78 46 2 18 57 59 27 87 46 40 53 50 94 65 88 84 38 99 0 1 27 39 52 85 28 70 73 54 94 42 56 18 65 28 29 1 82 78 85 45 65 49 3 66 94 99 71 73 52 42 91 48 34 69 32 67 9 48 93 39 31 20 47 79 71 34 57 6 37 76 51 64 49 42 79 0 52 52 66 71 27 56 35 82 42 70 40 85 84 37 85 90 59 0 17 25 53 45 63 56 10 58 34 5 87 98 15 2 71 54 38 64 72 
84 53 21 19 89 82 89 56 27 28 32 35 3 44 35 38 45 31 28 84 97 72 87 52 55 33 71 72 78 14 19 3 66 60 55 6 8 57 15 46 91 90 46 50 46 11 91 79 2 10 61 49 69 26 6 66 64 31 67 15 97 31 90 63 22 45 77 83 75 42 79 24 14 9 37 53 46 16 31 16 65 33 44 0 92 88 83 36 29 57 77 82 39 39 1 95 90 99 79 46 3 78 69 45 25 0 59 93 15 79 16 10 22 85 11 41 87 80 85 91 
41 16 44 23 13 16 64 37 11 85 6 4 10 13 50 69 69 95 71 81 65 65 87 12 75 95 49 92 10 31 86 78 70 98 10 32 80 64 8 60 66 97 91 1 79 28 24 40 8 38 38 18 50 88 52 53 96 89 81 36 90 11 35 45 40 97 69 94 77 35 72 0 43 50 52 65 3 79 81 61 74 30 98 99 0 23 76 5 41 14 22 13 94 66 89 3 4 67 60 49 60 99 37 37 70 18 8 60 57 61 69 99 51 83 9 97 94 48 25 56 
97 67 23 72 22 47 77 0 0 51 48 12 0 94 90 79 96 23 16 0 45 50 84 34 56 67 51 83 37 80 74 57 47 69 39 63 31 1 7 20 91 88 56 8 71 56 37 98 76 74 2 33 61 85 26 4 36 62 50 14 4 19 41 26 69 10 75 97 82 43 79 32 91 70 49 1 20 23 88 98 57 99 60 44 92 0 19 44 71 85 1 9 16 32 94 44 21 38 80 18 14 46 53 65 59 19 70 93 49 8 7 57 18 55 58 25 37 7 71 55 
32 56 66 69 56 65 57 89 84 62 25 8 26 24 81 20 91 55 10 95 74 7 73 73 91 30 43 66 50 97 34 53 99 62 42 32 39 95 63 98 29 2 71 6 14 96 0 42 34 59 99 57 19 68 20 57 65 79 34 49 25 71 87 27 92 10 13 70 43 29 69 36 92 48 85 43 36 34 96 58 49 96 29 71 92 24 0 93 3 0 36 75 53 69 9 39 17 70 36 84 50 38 68 62 11 95 6 50 67 3 81 65 39 88 20 81 29 66 7 35 
28 71 63 94 47 82 55 78 11 75 28 89 72 56 31 91 87 92 70 80 79 88 2 66 10 95 69 73 4 96 96 75 88 19 55 80 50 49 44 47 44 57 62 97 69 27 20 3 88 8 18 50 19 81 52 32 71 73 14 46 56 10 28 53 50 28 28 23 19 65 61 74 86 69 62 61 12 61 64 27 70 95 37 19 18 33 64 0 78 79 11 19 69 55 48 59 16 44 14 50 8 77 22 17 88 80 6 37 19 25 77 50 46 20 33 24 57 36 0 46 
29 72 73 20 44 43 87 12 77 45 49 9 3 96 76 73 37 9 90 66 72 21 55 4 37 88 97 77 71 37 75 5 72 27 7 41 37 52 66 88 91 12 72 25 21 97 40 33 28 94 3 92 89 87 60 87 83 80 77 81 37 14 1 46 16 99 1 86 26 97 37 71 70 55 24 47 76 83 77 24 90 88 34 5 24 80 11 6 0 65 38 99 69 35 51 66 69 89 30 70 40 17 50 29 28 40 84 77 42 49 39 43 95 42 5 54 9 55 87 60 
26 74 48 15 64 77 63 34 97 2 67 43 18 60 92 25 20 26 12 15 26 5 92 39 22 45 26 25 10 49 49 4 59 91 19 87 78 95 10 70 80 23 25 72 72 13 6 5 46 83 88 1 35 82 11 24 64 6 47 61 73 37 88 38 56 4 35 85 79 85 21 77 47 97 82 41 34 38 37 58 52 0 14 40 81 6 62 74 14 0 54 32 43 15 25 51 70 59 84 88 35 39 35 79 43 45 16 92 97 24 81 92 62 32 8 3 48 8 95 40 
49 40 96 53 87 79 55 99 24 17 0 90 82 99 21 32 13 28 7 0 53 54 77 75 75 74 4 90 85 21 55 18 78 85 65 78 53 85 61 87 65 29 35 49 57 81 51 21 29 36 22 27 25 73 49 51 84 19 27 61 23 79 12 34 24 10 12 54 60 5 70 16 7 61 5 37 35 51 61 9 42 79 71 35 13 75 35 68 94 11 0 63 75 17 2 36 60 71 79 94 35 1 35 98 32 53 21 79 18 83 92 3 49 9 75 23 41 77 62 46 
56 8 82 84 84 4 46 58 83 32 95 95 99 60 36 40 54 96 15 81 15 74 68 1 48 28 96 12 85 76 73 2 17 78 23 35 39 68 31 13 47 69 95 5 68 69 74 62 35 26 73 10 46 44 55 47 22 62 40 34 14 79 68 26 11 44 67 36 21 77 57 95 85 9 15 75 68 40 75 31 26 38 35 99 85 24 58 5 36 79 44 0 64 22 82 16 32 81 51 37 42 83 78 64 67 68 1 30 67 80 0 2 43 88 84 67 23 9 12 47 
60 90 3 15 23 80 37 99 31 47 18 54 81 55 85 61 53 44 27 29 14 56 46 35 50 40 1 99 63 2 14 28 74 94 27 19 47 47 43 79 3 74 41 26 70 10 52 31 32 2 5 32 47 40 74 22 72 90 16 71 3 9 71 92 0 50 22 41 10 33 14 3 0 57 97 89 77 8 48 42 42 13 90 14 30 32 20 75 77 55 25 9 0 89 43 31 31 79 50 29 29 59 52 32 95 42 44 77 18 17 77 24 66 66 54 75 36 92 4 7 
27 73 58 60 26 44 83 25 93 57 29 34 22 52 49 42 79 41 56 61 5 35 33 26 87 8 56 86 30 25 91 32 17 32 12 74 81 46 48 6 11 47 63 75 93 37 88 83 87 1 60 45 16 22 52 44 98 60 92 22 39 60 63 59 32 22 56 62 4 59 30 90 59 38 5 95 9 63 78 65 7 70 93 2 73 11 97 15 21 58 29 55 24 0 62 87 8 54 27 50 60 24 8 81 53 79 68 14 59 56 18 21 66 96 48 66 75 13 85 34 
67 58 26 15 54 52 70 94 3 26 67 79 9 73 41 96 39 53 87 66 86 36 41 17 83 1 11 88 24 63 85 81 95 80 60 11 78 72 33 97 51 1 54 18 76 86 69 96 19 35 21 18 20 89 28 68 60 90 32 78 61 96 30 92 8 3 96 16 7 64 98 81 53 41 64 68 13 32 72 26 11 61 52 66 45 68 48 45 64 47 13 20 71 12 0 13 1 38 71 82 62 66 20 66 52 29 72 22 76 40 78 32 72 1 57 35 81 26 89 65 
67 44 60 39 23 25 38 41 61 69 96 18 62 53 7 65 39 71 21 22 2 62 2 26 75 81 96 25 43 81 15 10 20 16 37 66 30 88 59 95 84 89 31 12 88 62 70 50 70 78 52 5 15 6 81 32 47 25 59 52 28 1 72 12 54 8 15 39 17 14 67 47 98 57 91 93 95 9 96 57 9 7 17 15 10 44 30 2 84 47 49 43 65 87 17 0 82 27 28 36 48 97 37 93 96 11 47 3 39 3 28 74 83 87 14 12 69 96 85 3 
11 38 36 57 65 54 37 65 53 53 15 38 66 70 40 98 98 3 41 53 39 28 13 28 80 66 39 37 53 20 12 13 44 21 24 30 92 61 58 70 24 13 3 32 70 66 32 10 34 62 67 24 81 79 3 89 67 5 62 41 36 87 73 11 72 97 95 45 47 69 74 45 4 71 82 22 34 44 99 12 60 7 43 21 2 84 11 38 12 27 86 14 15 48 80 23 0 4 21 4 27 34 3 50 85 28 3 92 92 84 33 19 33 39 44 27 26 0 98 63 
35 28 73 92 42 44 83 54 54 56 47 5 33 25 69 65 59 53 73 19 95 98 23 88 73 23 19 68 81 8 1 61 80 31 44 68 28 97 28 26 51 91 57 28 77 43 7 67 95 31 13 93 69 69 57 0 99 6 58 94 49 3 53 73 44 88 6 22 93 28 17 0 32 93 28 77 9 18 11 64 28 21 42 35 76 90 12 93 28 21 83 85 77 83 99 41 99 0 44 28 6 95 71 27 52 14 55 12 18 56 9 80 89 87 15 42 61 95 64 83 
34 56 23 91 16 8 26 87 59 67 58 62 79 63 53 48 99 32 49 50 81 98 56 7 65 40 70 87 59 30 14 71 44 46 9 46 13 55 34 28 26 94 79 24 90 70 13 99 64 75 6 16 75 20 83 62 44 94 90 99 76 65 14 59 25 63 66 76 74 95 25 74 31 20 46 18 79 51 29 9 40 87 42 15 44 40 34 77 31 38 2 80 14 97 99 88 19 54 0 15 53 76 85 1 86 32 19 8 7 69 18 72 65 65 23 82 42 92 68 73 
99 0 84 70 87 87 48 32 36 62 28 91 53 86 23 20 19 91 17 61 77 14 75 65 60 97 24 78 39 63 86 92 64 90 87 27 76 7 72 67 94 68 89 96 80 86 95 52 1 56 6 99 35 92 78 34 57 95 58 37 85 68 64 8 41 74 80 37 47 56 92 35 79 75 73 6 45 42 80 67 77 77 20 45 24 52 36 10 60 48 0 84 59 32 45 67 69 94 79 0 91 92 92 12 72 61 58 67 50 58 7 62 24 34 92 57 69 65 62 11 
21 10 11 11 86 59 43 70 50 52 89 43 38 63 64 24 17 28 6 44 88 49 32 70 82 21 88 65 15 3 1 29 30 58 44 35 64 31 92 57 37 79 47 29 33 36 80 92 28 43 9 99 59 31 7 18 83 73 17 82 64 32 63 5 19 88 3 51 17 8 1 92 56 89 8 93 73 34 96 25 64 22 81 13 79 45 54 36 26 86 16 34 20 45 42 95 23 25 37 56 0 74 47 24 65 0 87 81 62 17 67 20 77 33 34 22 46 21 1 14 
75 35 9 16 21 26 98 39 27 54 9 37 74 18 50 26 98 39 32 25 81 70 61 15 90 51 10 14 54 81 52 19 23 9 18 41 48 39 31 1 41 24 79 31 68 38 22 14 58 90 45 17 78 72 62 38 63 82 50 27 68 74 14 29 48 26 19 84 59 14 88 82 62 53 75 55 83 1 83 70 29 70 77 67 36 38 84 65 52 30 87 48 21 73 63 79 82 61 87 83 26 0 75 32 72 73 45 41 42 23 48 80 92 28 29 48 57 4 56 28 
99 21 39 68 5 28 45 30 62 53 70 11 45 60 84 89 8 93 84 38 47 63 11 11 93 89 9 55 62 1 35 94 82 3 57 74 35 50 39 85 14 98 49 57 23 94 90 5 62 44 98 78 58 60 13 23 57 30 28 81 71 57 14 58 68 64 44 60 97 83 50 43 27 68 26 72 27 19 40 42 53 61 99 4 68 33 30 43 52 42 36 98 19 13 30 4 66 90 4 47 63 14 0 95 87 80 27 65 89 91 73 55 62 31 9 80 44 88 0 83 
33 89 13 7 11 26 0 71 20 36 64 62 22 58 16 29 2 39 91 38 99 90 78 86 66 78 26 51 14 34 83 52 23 65 71 55 32 56 64 56 81 13 22 8 25 40 49 53 21 26 48 41 23 49 58 67 75 67 50 41 43 94 62 16 66 68 12 70 11 78 38 58 25 22 92 51 37 83 44 6 30 46 82 58 28 42 82 54 91 97 92 2 39 21 14 16 14 86 0 94 58 78 5 0 92 90 76 31 59 25 67 78 81 46 10 26 2 6 56 86 
76 35 2 0 14 45 6 87 83 39 87 0 54 89 99 54 35 58 20 17 97 65 94 31 58 61 44 54 51 18 87 33 36 38 44 94 78 21 29 5 6 5 30 31 45 83 70 29 86 55 9 12 79 38 82 70 76 75 46 32 38 11 88 45 71 74 64 54 12 72 91 75 60 40 8 5 25 24 25 22 46 6 65 67 10 96 46 12 95 80 85 27 91 74 62 27 77 90 38 56 90 97 14 14 0 62 60 77 86 33 29 39 8 78 19 46 53 23 1 15 
41 48 67 97 39 58 74 61 6 93 61 13 5 66 92 37 81 3 45 9 86 53 77 12 24 7 26 70 97 72 0 16 36 11 90 21 48 44 7 65 68 32 89 71 55 21 74 21 21 48 10 79 73 32 21 45 89 32 43 97 8 42 46 61 26 83 52 39 67 35 98 35 10 37 84 18 44 12 86 0 30 72 93 44 76 88 0 73 76 94 86 5 87 62 17 58 23 33 80 85 75 32 14 18 87 0 96 40 47 47 69 13 92 67 96 72 28 2 52 34 
68 65 40 87 28 39 66 97 44 18 96 3 36 95 12 64 62 76 39 71 22 9 42 54 8 41 76 44 27 86 56 20 38 39 55 18 63 79 36 28 61 20 44 10 7 65 61 79 64 33 79 78 42 96 65 94 73 60 91 18 49 22 92 57 60 95 83 26 86 19 27 97 84 53 11 35 76 88 89 11 67 69 59 65 40 61 72 60 37 20 73 24 73 18 4 78 33 61 19 81 77 95 70 69 74 36 0 70 55 21 89 86 25 7 21 60 44 77 93 86 
64 51 44 43 15 80 20 96 58 33 44 99 65 67 63 71 82 29 34 48 98 75 38 58 64 12 29 89 99 50 19 22 23 39 44 41 39 98 93 80 82 1 49 88 35 90 55 20 80 36 30 15 20 62 44 71 37 39 32 83 33 94 7 90 28 34 78 54 28 51 82 32 76 47 92 34 75 0 36 15 29 39 37 75 45 82 56 59 47 11 55 17 8 75 53 9 79 95 88 98 73 30 50 4 75 66 12 0 68 38 54 24 35 32 83 63 77 52 38 37 
44 90 0 54 45 91 55 21 18 81 6 31 3 76 45 57 24 68 63 30 23 90 47 21 24 58 54 12 72 63 7 95 84 87 67 72 47 81 32 40 87 50 60 94 62 19 50 39 64 13 84 42 82 79 28 98 89 69 59 59 9 92 61 82 62 45 82 98 64 95 50 64 3 16 47 90 93 64 26 0 49 14 60 7 66 3 62 43 96 97 51 57 4 65 16 14 14 97 8 84 4 86 99 35 30 21 1 55 0 32 33 16 40 21 58 63 30 38 73 7 
21 80 5 84 93 60 48 91 48 99 62 14 9 34 60 65 68 88 33 54 68 23 60 54 64 53 93 13 99 47 57 67 22 65 69 77 53 61 86 11 27 3 5 6 14 70 2 41 59 97 55 20 70 20 15 78 99 69 80 3 85 4 2 40 8 83 30 94 22 64 75 41 38 41 53 86 23 85 64 19 28 9 19 77 52 86 59 21 12 18 18 32 25 70 54 88 70 14 79 43 59 13 7 66 95 81 62 77 39 0 7 30 51 43 80 74 48 4 27 28 
86 1 30 71 93 63 56 83 72 84 18 92 41 90 99 30 89 65 39 85 68 35 47 64 0 29 98 87 34 28 31 82 43 42 54 80 72 54 63 18 44 58 95 22 35 20 11 24 32 93 18 53 37 50 86 41 43 29 3 3 10 56 75 45 74 97 27 77 15 59 87 95 56 80 33 28 54 92 4 77 73 97 88 6 55 45 39 95 80 94 43 29 60 46 42 8 80 15 47 68 93 77 79 46 75 50 24 55 16 43 0 27 45 38 31 0 73 26 64 23 
0 27 98 94 97 40 11 77 61 93 49 56 39 27 73 11 19 66 93 44 66 7 9 15 3 23 61 50 18 3 47 61 34 84 24 52 80 98 42 8 10 93 6 64 78 40 55 84 30 45 96 25 18 70 73 33 89 30 49 18 67 77 53 82 11 74 5 1 77 67 21 94 5 23 22 93 0 36 31 62 39 24 58 99 34 14 84 4 69 69 18 8 26 68 39 9 96 18 67 93 45 30 61 44 56 40 65 37 57 31 16 0 36 34 42 33 95 82 42 98 
61 8 41 60 72 71 73 88 91 9 16 64 48 3 64 34 61 72 28 15 26 58 2 99 71 2 93 97 39 87 26 90 47 83 66 40 71 97 46 2 39 83 72 99 39 91 76 51 17 70 63 33 87 50 23 15 82 93 23 56 76 56 34 97 3 8 12 68 31 88 45 42 74 67 85 15 28 38 98 5 38 20 93 25 99 66 49 49 29 1 85 96 34 41 35 35 81 80 14 2 37 77 50 79 56 64 69 7 32 96 22 23 0 13 55 9 85 28 53 61 
61 74 27 18 43 2 3 92 79 0 39 81 89 61 59 99 7 28 29 90 44 68 27 56 90 53 70 4 4 69 99 29 7 62 4 72 35 74 74 9 90 40 32 9 45 39 67 70 83 10 38 40 91 46 61 29 66 27 31 38 70 33 93 20 62 48 2 13 55 36 68 10 92 18 5 78 38 72 96 42 22 87 86 81 13 63 54 84 95 78 81 15 39 10 82 70 70 94 70 70 55 26 88 16 36 6 89 0 40 30 34 76 93 0 47 43 55 84 32 1 
42 84 99 43 18 28 47 15 36 17 48 64 27 79 89 75 46 95 15 23 46 40 50 90 26 68 37 83 44 54 15 38 17 38 1 79 48 47 12 87 13 97 3 48 31 92 6 27 36 61 6 21 97 72 97 43 58 90 42 40 18 78 6 66 75 24 42 7 13 2 33 66 17 87 86 37 15 64 51 32 67 93 86 57 5 74 97 70 60 20 33 72 1 32 35 68 3 71 74 1 33 24 62 21 72 94 26 13 92 29 54 24 14 72 0 39 24 18 81 27 
6 46 82 71 56 75 53 12 56 34 51 42 55 0 81 15 23 55 15 51 31 31 30 66 90 13 86 3 99 47 17 84 79 70 11 47 92 30 67 7 19 67 15 62 94 89 65 96 17 13 78 72 2 47 51 34 43 32 34 7 8 70 22 94 82 75 61 18 88 83 92 94 80 46 0 21 50 81 96 37 2 62 70 81 11 43 76 92 89 32 21 94 32 33 21 59 14 42 65 75 0 26 59 72 16 91 22 7 99 36 34 74 34 83 40 0 3 67 74 82 
38 92 8 98 10 6 4 32 1 56 37 6 75 63 43 40 84 38 87 16 5 5 82 76 43 46 94 96 2 80 73 27 6 86 28 15 51 88 5 17 82 75 6 38 37 19 5 35 8 79 17 67 19 15 98 69 8 77 10 41 85 83 80 57 51 46 77 9 42 93 98 63 37 8 21 61 66 82 45 28 43 54 53 51 16 39 26 73 9 80 76 20 77 20 98 55 89 73 6 47 86 37 64 22 53 78 4 68 21 58 99 15 45 51 99 43 0 53 8 48 
72 50 26 62 89 33 31 1 25 91 33 63 71 28 87 71 70 0 21 29 19 83 97 27 17 69 83 52 0 9 97 72 46 43 8 3 39 66 8 7 7 51 82 40 42 20 56 47 23 81 29 43 50 12 17 64 81 25 81 83 82 17 99 80 32 1 73 67 11 31 86 69 17 44 91 58 75 1 17 36 30 83 28 2 16 83 28 40 95 76 26 5 96 40 91 58 4 42 49 70 49 53 79 22 48 46 24 64 40 99 12 93 61 72 19 43 58 0 45 95 
21 95 82 64 24 11 99 55 72 96 75 77 5 60 19 18 96 62 25 66 46 90 83 62 99 46 11 32 9 0 85 18 88 49 79 54 10 71 41 52 8 27 20 12 75 49 30 10 41 65 69 84 53 60 21 47 86 80 88 66 72 37 23 69 80 65 27 58 46 71 79 50 2 25 34 86 97 11 33 48 14 72 94 50 7 8 12 95 85 43 7 50 45 94 60 19 67 32 78 52 65 56 49 41 56 74 43 48 5 8 97 69 79 87 40 13 86 91 0 77 
30 98 39 52 87 2 63 0 66 99 96 60 48 49 22 85 21 72 30 73 57 17 45 6 39 24 98 43 56 82 68 99 96 71 49 7 86 94 87 98 93 73 7 85 67 24 36 2 69 31 26 26 10 64 85 31 71 32 66 43 64 9 80 91 32 13 91 36 62 90 3 59 35 93 0 29 85 74 3 90 19 97 48 79 6 71 10 40 25 20 37 80 76 41 35 60 68 12 59 42 59 56 34 14 94 26 7 32 25 25 71 57 42 54 86 49 22 53 73 0 
