132
0 72 99 64 94 3 52 13 60 17 3 4 39 31 61 58 51 8 79 23 23 3 43 18 46 65 47 73 69 23 45 85 18 92 33 95 77 11 85 46 83 5 38 93 92 2 97 8 99 31 61 55 70 43 89 91 16 70 87 78 90 32 82 30 9 67 29 38 41 5 32 84 36 96 64 99 87 75 45 45 82 10 11 97 56 11 39 32 9 93 71 17 15 42 93 71 60 36 18 55 2 20 86 84 55 87 0 4 32 50 71 36 32 70 37 59 73 62 93 40 93 77 12 10 45 88 76 57 88 76 73 31 
8 0 56 45 37 26 14 67 41 66 48 85 21 15 75 62 82 0 32 43 59 41 51 74 84 1 45 41 83 0 46 69 42 18 25 59 79 23 64 92 2 95 43 97 5 85 68 6 2 7 33 65 93 36 99 12 65 94 72 47 66 1 48 59 80 66 35 30 51 45 34 80 27 89 17 97 80 97 26 54 19 44 69 47 59 10 80 38 39 55 70 25 65 74 15 62 65 10 14 28 56 85 52 74 56 4 41 56 36 63 85 22 65 56 89 89 81 60 47 57 75 67 96 1 60 19 34 7 45 43 31 75 
39 73 0 97 51 56 42 63 25 75 76 56 73 84 3 55 95 74 5 40 57 2 87 39 34 12 12 71 89 80 40 37 93 95 43 82 67 69 74 39 2 77 67 81 92 92 68 5 61 82 77 38 41 74 43 41 35 44 81 95 89 22 87 71 60 65 10 43 84 66 83 9 18 29 44 21 38 8 96 70 27 82 92 6 34 40 86 64 42 85 95 10 58 18 34 47 46 48 31 15 65 94 62 21 81 27 4 87 71 26 27 98 73 61 59 76 27 12 14 7 50 10 61 63 97 86 50 21 38 52 33 99 
72 18 90 0 52 10 72 17 49 5 40 33 25 72 3 77 19 93 89 89 94 47 72 64 91 26 76 14 55 55 21 68 99 93 55 37 77 79 79 57 91 69 72 14 0 82 49 54 72 31 5 48 66 61 85 30 17 76 78 24 78 11 85 76 82 41 7 41 76 31 61 96 55 78 96 53 13 12 22 35 51 2 59 42 85 64 16 5 50 35 66 2 35 45 53 46 49 0 31 7 93 62 53 24 47 70 17 79 26 66 7 26 3 85 30 69 45 39 94 49 30 17 77 57 9 25 23 65 48 13 23 39 
52 88 7 15 0 71 81 51 36 62 5 23 2 17 13 76 43 29 44 13 92 20 67 87 25 52 51 74 73 98 21 63 45 41 61 8 52 64 96 2 40 29 55 35 48 53 45 99 1 52 94 85 68 62 15 8 14 60 87 39 67 24 75 43 12 77 25 67 92 94 94 2 78 67 69 94 78 90 10 20 91 45 45 73 40 9 1 48 43 9 88 13 85 37 11 2 6 38 76 69 57 61 16 79 32 36 32 52 62 1 88 67 17 41 93 9 84 84 44 87 13 71 72 17 9 87 11 2 13 10 66 41 
45 36 50 1 24 0 65 34 26 47 25 17 92 90 37 71 70 77 5 45 12 40 79 22 78 55 47 36 41 29 20 95 7 88 80 91 51 15 33 29 91 58 84 32 39 59 6 65 79 70 49 27 9 64 20 22 48 49 72 97 21 52 20 3 88 64 49 39 27 8 87 51 91 45 43 27 24 80 15 24 88 15 27 15 44 68 86 56 88 81 60 64 52 72 71 18 27 63 46 91 55 69 77 42 51 99 13 15 63 21 11 48 26 9 88 92 71 26 93 72 5 66 16 17 7 66 7 21 9 4 96 43 
1 76 70 64 79 12 0 40 39 20 65 56 61 13 6 52 99 84 12 13 42 31 33 20 45 75 42 70 98 45 12 74 78 87 62 47 75 61 25 53 91 94 86 30 63 71 41 6 24 16 79 70 75 79 5 51 75 90 76 70 42 27 89 2 13 42 39 70 50 44 93 43 49 43 70 31 75 79 31 95 61 15 14 61 89 25 54 73 24 37 8 1 97 36 41 49 91 42 30 41 64 61 12 80 38 73 78 44 47 18 25 55 33 9 51 68 61 19 96 72 88 63 33 2 48 51 68 10 68 43 73 10 
63 6 50 41 28 82 89 0 18 80 90 84 9 18 66 12 73 83 36 32 42 94 22 48 70 1 37 44 15 6 77 62 47 46 90 44 69 15 64 85 48 95 98 68 54 40 90 10 95 27 37 29 92 22 37 45 95 33 29 55 93 7 52 58 11 48 42 45 74 78 16 24 10 62 55 91 94 28 1 33 26 90 28 27 97 89 63 43 39 45 32 44 59 99 27 52 67 19 49 41 81 6 54 39 76 6 28 99 32 22 66 76 15 82 33 42 6 11 58 4 48 59 80 8 90 75 32 38 17 62 0 77 
77 31 94 6 58 88 78 55 0 57 49 47 17 76 48 6 75 59 55 80 54 24 61 64 37 42 74 37 26 14 73 54 72 35 56 24 0 93 74 48 35 81 62 62 86 43 45 70 65 8 13 39 42 94 37 41 81 99 13 68 41 7 16 64 86 3 93 91 99 99 38 58 64 67 88 65 80 22 35 30 84 92 23 45 75 54 17 1 95 64 11 47 3 7 83 76 99 8 19 13 17 34 98 89 81 24 80 74 70 75 31 76 41 75 66 95 23 93 43 52 0 78 37 43 71 34 14 97 28 91 57 57 
67 77 84 16 6 31 41 38 6 0 89 90 96 15 31 97 57 52 33 53 85 95 96 63 64 99 44 13 24 4 92 96 70 40 80 87 40 99 86 52 41 6 53 70 45 50 30 13 55 79 84 90 40 76 71 64 22 41 73 72 31 91 62 32 85 86 87 98 68 1 67 68 35 99 53 9 15 46 48 65 81 56 85 37 54 47 47 72 69 70 26 35 54 82 6 0 99 7 59 15 92 63 86 66 32 13 79 61 58 40 75 23 26 27 96 60 82 1 79 25 9 45 26 86 44 92 16 21 50 84 90 57 
69 89 12 9 64 44 49 48 71 35 0 61 59 88 67 37 26 21 89 52 56 98 36 0 57 85 73 43 46 19 29 6 35 82 40 49 22 94 79 97 77 66 87 90 6 74 25 24 2 53 3 14 51 0 21 46 72 97 29 88 71 54 41 14 27 24 95 73 81 8 23 82 75 30 68 16 27 19 81 41 54 85 99 68 90 42 5 63 15 26 89 99 74 99 46 98 20 10 58 55 4 57 88 96 84 87 3 9 51 12 79 25 93 71 2 95 32 70 40 76 66 69 52 43 96 30 2 94 94 49 85 4 
66 64 66 56 63 70 27 73 82 62 27 0 83 7 67 15 51 70 50 58 75 78 16 74 93 48 42 42 14 41 51 29 79 13 54 64 0 75 2 13 62 19 11 52 63 56 69 94 71 59 43 98 42 25 2 36 45 87 13 90 19 60 3 53 81 98 40 95 54 14 15 75 81 50 84 83 69 96 2 16 0 20 97 9 91 68 32 92 78 48 90 29 71 89 14 41 26 12 16 24 5 67 90 39 41 56 57 60 25 2 22 92 54 60 65 31 8 63 9 69 17 65 76 52 24 19 86 61 18 3 31 32 
44 70 87 45 8 37 82 23 75 48 59 66 0 32 28 65 20 96 35 49 76 78 62 80 87 45 90 11 98 36 76 57 2 90 55 96 55 23 56 47 63 52 65 24 18 55 80 41 83 11 82 53 67 8 56 67 50 66 22 36 47 44 27 37 28 92 26 19 55 62 50 39 65 54 13 98 77 47 35 83 74 18 54 29 84 32 86 27 69 79 79 49 37 92 23 37 28 83 87 84 0 60 2 8 13 19 77 59 30 99 33 82 87 83 65 19 30 61 29 29 27 53 65 51 42 62 53 12 48 32 53 82 
18 94 45 4 83 46 27 59 34 20 39 98 67 0 84 72 50 30 96 97 13 61 94 1 29 48 11 36 37 16 6 46 41 98 63 10 77 91 99 20 4 39 81 5 78 17 56 44 35 26 9 5 59 27 84 41 24 94 42 93 58 26 60 42 22 83 33 74 69 40 79 40 61 11 96 62 71 67 55 88 16 57 76 33 38 25 58 62 2 65 72 67 41 28 88 39 96 5 77 88 97 23 68 83 55 53 14 82 2 95 13 75 0 27 16 99 48 83 8 52 74 20 9 35 52 15 82 46 8 20 30 57 
29 68 48 53 4 85 54 74 77 66 10 71 76 45 0 46 32 80 72 26 7 1 63 24 85 81 39 60 15 1 97 46 56 62 39 33 39 28 80 6 86 25 12 74 66 39 18 53 10 69 57 36 88 14 54 18 8 57 32 71 10 99 87 58 46 33 27 33 35 2 89 83 97 42 72 62 58 98 62 46 41 25 38 39 89 70 66 99 0 96 17 40 27 31 51 49 79 93 13 27 70 46 40 68 20 88 59 17 82 64 57 13 4 94 18 74 55 59 22 98 62 34 19 54 82 20 87 28 82 57 9 20 
21 49 26 71 42 43 94 7 53 61 40 2 40 5 83 0 80 71 68 78 92 94 11 14 93 20 30 97 3 15 61 7 6 26 66 46 97 76 91 34 80 1 86 14 60 12 54 43 19 39 66 58 17 3 26 18 41 15 50 8 22 83 52 79 23 98 77 8 93 41 36 86 16 57 58 15 71 5 53 31 6 32 80 11 48 69 9 31 98 20 96 81 16 74 88 32 9 70 51 32 85 66 89 89 27 45 62 48 69 86 82 71 6 51 19 68 50 37 87 64 25 3 15 18 85 15 75 99 42 0 63 51 
38 67 84 30 70 81 21 16 52 20 9 6 77 82 90 41 0 67 99 39 22 80 5 95 89 63 87 38 0 97 66 6 24 79 47 63 6 55 56 35 23 49 91 98 42 81 71 81 63 14 98 46 69 1 64 65 66 72 69 14 35 18 54 51 87 73 74 47 97 12 0 33 77 59 74 52 41 5 48 65 65 68 51 69 45 59 58 20 39 29 42 53 88 82 46 90 37 28 77 33 82 0 56 94 15 59 17 77 4 28 19 25 43 12 13 66 13 34 49 84 6 25 5 52 74 51 0 76 76 88 11 47 
95 71 56 35 64 85 25 40 38 20 11 62 25 68 21 58 30 0 46 63 38 30 41 75 55 98 83 78 73 10 8 17 54 30 10 48 7 96 60 2 56 1 69 15 55 68 46 90 29 29 4 98 93 24 41 43 10 96 29 19 23 99 84 27 22 24 79 20 74 56 77 39 6 7 45 17 28 99 70 21 47 11 22 92 70 94 92 90 20 95 37 50 17 49 94 64 66 76 72 92 41 75 56 72 82 93 54 92 50 54 33 25 59 31 98 71 40 34 23 91 39 13 35 17 28 90 0 9 72 36 20 29 
64 37 60 79 28 47 18 47 89 46 19 47 91 75 63 25 59 99 0 58 15 57 56 83 19 58 18 10 81 99 42 30 45 17 98 6 41 96 8 95 8 67 30 48 15 58 80 81 36 16 94 80 14 88 73 45 40 46 67 70 65 46 67 25 21 26 71 42 8 2 62 64 50 66 14 59 88 39 2 88 2 26 2 34 98 94 12 90 19 73 15 86 36 7 23 18 57 23 19 7 68 46 15 81 57 18 50 5 74 28 73 64 26 86 59 96 74 17 68 5 78 46 25 30 35 96 21 54 93 67 6 6 
64 80 68 31 29 50 23 73 10 83 57 62 72 75 77 85 48 35 39 0 74 36 30 41 64 81 98 39 6 78 78 69 83 33 51 73 36 93 90 80 84 36 93 41 0 87 18 21 2 41 41 23 57 57 44 92 98 55 50 83 56 74 93 74 45 83 73 25 34 47 90 93 62 7 10 90 72 81 54 62 50 92 83 25 46 33 20 93 44 8 38 86 10 38 79 12 77 28 92 41 59 14 40 31 87 43 2 16 25 29 91 4 31 97 29 12 41 60 19 12 0 85 87 24 23 90 20 80 86 43 18 33 
29 10 81 48 54 53 93 18 47 31 46 44 75 49 58 18 99 10 4 17 0 72 93 61 20 68 31 33 36 22 50 5 61 52 23 7 79 80 65 11 2 75 91 54 72 54 16 56 37 50 99 84 9 36 5 91 36 31 23 10 58 91 25 98 81 70 33 93 73 64 22 96 94 63 49 11 38 81 65 50 38 96 55 6 71 37 89 95 30 21 12 81 73 65 13 81 24 40 20 24 16 39 77 24 59 17 9 2 94 68 13 39 17 56 70 14 55 23 8 0 14 71 8 48 62 1 30 34 67 59 41 75 
43 29 69 50 1 43 27 42 50 87 3 69 97 18 16 25 50 58 90 5 34 0 60 9 15 79 59 35 97 42 29 6 47 90 5 91 48 11 71 71 68 72 5 32 10 32 31 37 50 7 41 80 72 25 16 93 13 75 23 52 90 29 80 24 70 53 40 30 88 15 28 53 87 23 95 59 11 72 85 94 30 30 45 2 79 2 39 94 62 22 56 2 93 36 95 91 51 1 62 63 51 51 82 5 20 52 84 73 72 2 6 65 48 95 46 19 67 50 65 34 31 25 51 29 81 78 87 3 76 25 2 22 
37 15 10 35 22 34 81 82 89 61 24 75 76 63 99 80 0 60 91 23 31 95 0 27 40 16 28 58 69 37 41 9 54 99 21 14 47 25 5 70 13 58 39 17 32 7 41 41 32 54 82 95 28 59 40 13 96 0 66 37 71 94 62 43 15 35 76 72 61 10 1 71 98 23 86 16 5 72 1 27 20 77 34 19 32 26 64 37 12 78 60 61 6 96 31 23 54 41 43 35 69 20 23 79 98 8 67 90 92 0 16 70 87 45 9 34 65 80 68 34 53 11 89 73 19 27 28 42 19 91 95 99 
36 92 26 91 69 53 14 45 98 46 65 46 78 66 47 40 50 18 15 82 46 85 6 0 69 44 37 86 52 73 64 72 48 72 13 30 62 42 45 38 55 96 75 88 11 80 32 12 29 3 47 61 94 40 1 79 25 62 32 27 24 20 36 13 94 74 19 59 81 97 90 37 58 32 13 41 24 82 82 71 93 71 28 83 89 26 3 24 9 10 92 61 43 41 6 59 2 75 19 38 0 47 82 85 12 92 51 9 41 59 6 86 45 92 12 28 73 45 35 85 18 98 8 8 61 96 4 27 62 9 80 22 
14 92 10 67 52 90 66 75 68 28 58 7 20 37 75 64 87 85 20 33 6 88 52 66 0 33 24 88 30 44 93 79 99 4 31 79 7 26 28 49 75 63 29 59 18 13 70 90 39 86 93 44 81 51 82 65 25 32 26 43 63 99 68 43 54 30 9 43 48 3 72 41 89 31 25 70 61 34 43 36 70 71 73 93 97 96 62 6 20 30 41 1 9 47 56 92 74 83 61 71 43 97 8 28 98 87 36 89 26 47 64 62 4 50 22 5 41 73 38 92 12 6 86 2 39 56 43 63 47 88 92 71 
73 22 10 65 69 28 43 25 99 82 93 23 73 2 76 22 24 78 64 54 35 33 16 10 82 0 54 99 43 17 73 9 94 47 53 80 21 35 30 54 58 61 28 62 27 94 88 62 50 3 0 51 56 11 30 80 97 2 98 98 57 77 25 37 50 16 22 65 91 34 76 56 8 99 98 27 59 30 48 4 83 70 69 87 7 68 50 61 23 2 19 18 8 18 29 24 46 74 85 76 52 40 87 45 90 72 35 88 10 57 33 79 70 77 3 35 31 36 33 4 16 52 1 77 77 12 29 4 45 75 90 11 
91 60 23 15 98 75 27 1 85 51 4 43 67 84 17 9 50 13 87 13 63 18 24 26 18 59 0 28 92 89 33 57 57 48 71 91 71 3 81 10 47 55 17 53 83 54 82 51 80 78 22 91 67 74 81 76 60 62 16 71 14 56 36 31 2 0 76 16 91 40 62 52 44 61 50 71 64 51 8 85 32 43 24 82 34 59 56 57 37 82 34 42 94 71 2 91 38 82 3 66 27 14 85 57 77 49 90 19 89 13 82 35 76 8 1 99 15 48 53 92 64 92 34 12 81 43 37 13 45 38 4 60 
50 34 12 54 62 98 90 84 47 54 12 90 78 13 99 75 70 55 26 99 1 80 82 2 51 22 98 0 73 58 17 20 11 69 70 97 46 23 93 40 24 49 96 49 76 33 78 45 22 86 37 72 88 75 57 72 48 83 25 1 39 79 87 89 7 64 87 1 13 65 37 11 21 72 77 23 59 9 45 68 28 39 70 27 14 60 7 80 9 38 88 78 23 79 7 62 75 97 13 12 75 6 55 0 11 56 47 16 74 94 75 7 88 63 86 43 53 67 39 0 2 23 70 36 18 22 69 12 92 99 68 53 
80 52 41 89 15 64 99 24 49 96 34 50 51 51 81 27 29 4 40 46 22 10 5 24 42 36 77 73 0 22 84 36 89 92 25 2 4 69 84 82 69 48 15 97 33 56 89 75 56 27 7 2 17 91 21 88 86 61 37 16 44 92 16 92 76 20 6 23 52 81 53 82 21 72 7 13 65 60 81 3 98 97 8 66 61 87 45 66 22 82 98 2 81 71 88 82 42 58 8 51 94 46 14 72 34 7 68 9 45 43 54 99 25 97 55 12 27 90 5 25 4 73 1 22 25 98 28 0 3 92 65 51 
8 1 53 40 54 95 63 14 73 76 57 57 65 86 12 66 10 1 98 55 27 35 3 4 78 99 19 68 42 0 25 27 10 17 61 15 5 81 11 82 47 13 68 90 51 53 28 51 91 18 80 67 89 84 26 32 24 7 88 70 16 5 33 36 36 33 76 98 21 45 35 38 32 66 99 67 71 22 83 28 64 7 23 62 51 59 72 40 55 17 49 16 61 78 16 30 46 61 39 34 47 88 63 75 94 19 52 75 18 92 83 67 11 78 25 95 33 8 31 95 93 10 23 41 48 57 55 32 87 36 41 90 
14 35 87 97 64 13 48 60 20 99 5 52 48 18 63 47 83 50 53 18 65 17 54 34 75 36 0 37 71 70 0 60 7 63 34 16 85 70 6 83 54 45 74 76 91 77 44 64 45 33 51 81 15 35 22 58 99 79 33 97 71 19 55 97 60 87 5 93 81 89 36 48 82 57 58 75 93 84 74 5 18 59 13 4 63 40 37 82 59 23 97 85 85 79 72 59 18 12 15 69 98 81 10 36 72 0 63 24 0 93 30 98 94 57 53 48 31 3 91 3 67 37 92 16 47 18 60 83 96 71 93 42 
1 88 93 95 15 74 37 59 5 19 51 86 52 94 6 87 5 48 11 16 63 44 78 62 56 52 51 1 35 44 31 0 51 28 73 40 32 15 58 52 14 56 82 26 54 97 72 45 3 51 80 58 54 65 59 94 96 86 81 18 45 70 91 29 77 53 97 11 24 69 10 11 14 50 19 17 34 48 17 35 6 75 22 34 93 36 24 10 92 0 66 8 10 58 16 19 6 66 14 82 19 77 56 83 40 69 9 82 66 53 30 6 39 35 15 9 48 82 97 68 20 46 71 21 36 54 7 84 4 97 51 97 
96 54 82 28 7 3 37 41 77 58 76 2 18 45 78 35 57 87 96 48 3 76 87 61 17 11 19 13 89 20 33 9 0 4 13 94 82 47 62 82 36 47 0 9 9 8 63 76 38 49 36 91 40 57 6 62 33 7 65 26 86 75 41 63 9 91 49 29 24 80 31 37 53 6 22 14 9 39 51 99 84 3 85 43 86 14 68 49 20 19 79 66 11 73 62 54 6 72 39 59 47 78 59 56 75 0 1 63 47 29 99 62 28 33 29 60 43 10 34 23 82 24 49 17 83 88 41 97 79 68 98 12 
51 1 36 86 39 5 80 51 47 93 74 87 86 28 28 22 87 14 84 12 24 35 64 45 51 38 25 77 48 74 11 12 60 0 6 24 60 35 15 4 92 17 99 83 34 39 11 67 1 70 20 10 97 45 40 64 47 39 81 65 60 5 40 53 27 62 55 50 0 69 48 76 41 24 91 72 7 18 95 82 88 60 42 52 77 85 62 4 27 55 39 75 89 10 39 93 80 0 6 21 18 48 4 70 25 5 21 76 55 7 72 4 53 92 95 6 53 48 46 81 29 27 2 66 65 16 50 43 85 55 6 3 
13 25 93 38 70 76 9 94 81 43 97 6 39 83 51 56 20 51 47 58 1 82 17 54 54 30 79 74 73 27 3 43 45 99 0 33 49 58 57 88 60 38 16 43 79 65 93 34 90 42 89 3 96 75 33 48 75 44 81 79 46 7 52 78 48 91 46 52 27 42 76 93 37 49 80 10 72 77 97 21 89 76 30 60 38 7 0 4 4 62 15 25 44 44 73 29 80 14 10 60 31 7 40 96 77 15 15 5 80 45 69 42 87 26 63 26 53 68 43 95 39 76 38 39 80 20 48 38 6 34 80 83 
25 55 2 45 24 75 35 77 72 70 59 87 21 98 14 51 28 40 57 47 87 95 98 58 49 36 51 88 26 64 23 13 46 27 26 0 44 98 13 14 70 75 96 40 71 96 98 6 41 28 41 20 62 52 30 49 9 3 74 75 3 55 23 63 7 10 6 95 73 51 54 47 79 50 43 51 30 82 18 92 92 88 65 78 98 98 41 25 74 36 15 19 95 79 88 1 97 4 94 91 73 83 41 87 29 32 39 62 52 36 53 94 41 85 30 4 70 9 29 37 14 77 74 29 92 9 22 87 39 85 98 44 
98 38 39 0 55 42 56 67 25 51 31 99 24 51 37 17 15 5 41 69 36 36 45 19 10 21 26 91 40 56 46 15 50 76 95 29 0 59 80 85 23 78 85 73 11 21 37 26 67 31 14 58 18 65 89 67 54 10 35 71 65 29 54 65 52 72 93 61 91 99 33 28 98 21 12 86 34 99 95 49 28 12 24 83 59 9 35 95 9 3 39 69 55 33 6 33 58 68 89 22 43 83 61 72 28 0 50 18 81 3 58 94 1 36 64 45 72 75 99 95 90 33 93 61 59 14 93 4 67 59 36 89 
58 88 65 88 80 2 21 86 67 68 74 25 89 89 52 15 2 48 25 85 79 68 29 86 45 1 58 91 97 19 82 99 23 62 9 9 15 0 91 31 54 52 3 90 61 34 58 65 61 96 84 83 63 89 60 39 88 83 45 50 82 73 38 4 31 35 21 32 24 21 88 34 5 57 0 7 40 98 24 7 68 2 2 4 75 12 9 51 44 15 12 4 65 3 6 8 69 56 80 27 55 30 59 64 47 9 87 24 8 42 25 70 71 96 80 46 62 92 68 93 70 96 95 81 36 82 5 83 2 8 72 53 
11 70 42 3 20 84 35 89 47 78 62 83 38 7 79 5 72 72 27 2 65 82 21 37 7 71 46 77 97 43 0 95 20 96 43 18 33 78 0 93 72 27 10 40 96 46 17 6 54 17 58 0 60 21 86 27 35 6 54 98 95 19 83 85 88 26 57 72 28 2 60 84 58 5 85 82 30 99 33 22 73 65 92 86 40 74 99 21 11 24 71 67 23 79 62 87 21 24 29 48 3 77 17 25 90 42 44 88 90 55 12 14 17 83 66 41 18 33 93 75 62 63 74 23 11 82 67 78 53 64 52 76 
26 65 22 56 70 48 99 70 18 97 60 0 58 45 82 74 43 26 40 96 48 54 46 16 41 79 75 85 69 85 29 66 49 23 49 4 58 87 66 0 28 84 50 96 41 89 61 86 79 29 88 5 29 20 60 32 56 99 94 68 45 92 18 25 67 8 33 68 39 95 33 61 3 50 40 24 9 26 9 43 34 53 75 59 93 3 34 96 2 35 56 68 61 43 33 20 40 83 79 66 30 92 69 11 17 22 71 41 87 40 35 93 53 40 7 66 93 60 48 90 98 75 28 58 38 82 28 78 92 21 79 76 
88 78 75 73 48 94 73 78 88 28 69 60 14 12 33 95 17 56 3 85 65 25 26 71 64 32 36 15 3 40 80 52 55 93 46 31 87 0 21 99 0 64 69 49 7 96 19 41 45 56 10 93 31 53 71 59 30 6 17 77 78 81 59 3 76 87 48 84 25 26 30 32 68 54 76 68 28 76 23 74 52 19 47 50 26 44 19 74 31 85 26 43 76 74 10 18 51 78 79 27 78 89 58 84 30 55 4 70 45 60 94 48 12 14 30 8 91 97 55 16 42 85 47 22 69 91 73 89 78 74 7 16 
11 85 59 5 68 74 94 23 26 1 70 40 34 64 0 82 41 32 54 84 4 45 83 74 69 66 29 19 20 91 68 36 85 0 4 33 50 37 97 98 33 0 68 97 49 45 14 32 64 50 81 83 79 16 63 86 63 31 37 4 80 81 15 69 89 85 80 59 7 33 42 78 65 72 36 9 91 97 0 27 5 76 56 28 20 6 40 18 84 81 63 91 41 65 48 79 60 58 84 79 72 28 13 85 99 29 33 40 83 71 61 96 43 28 45 0 59 78 15 24 95 61 0 26 93 17 2 9 53 54 80 32 
62 51 67 57 51 58 75 45 88 13 38 76 68 94 21 75 33 29 38 47 46 16 44 21 40 84 83 44 63 46 28 54 9 58 4 70 39 7 27 79 99 45 0 83 19 5 53 31 45 33 54 73 8 63 9 92 96 71 38 61 43 36 2 28 88 64 26 24 25 37 94 27 8 55 95 15 72 10 6 51 81 83 69 2 54 80 74 94 20 85 64 52 83 3 66 85 16 43 38 18 10 94 17 73 59 76 85 55 64 88 86 65 41 32 31 39 82 74 37 80 83 35 41 69 55 47 66 61 53 67 66 82 
52 6 17 75 60 43 81 86 70 36 94 61 16 4 11 72 3 5 79 53 94 96 49 88 84 10 73 70 99 43 62 62 12 9 34 87 71 88 7 98 26 97 57 0 55 30 6 17 42 99 41 79 33 78 93 72 41 81 26 76 95 42 35 19 60 65 23 4 20 95 21 89 13 85 42 14 84 83 2 34 9 34 6 35 96 93 97 27 11 15 88 23 40 90 12 32 81 51 32 46 7 54 53 29 83 59 15 72 58 31 40 92 9 17 60 21 75 4 80 33 19 78 92 65 29 35 9 50 88 88 92 5 
58 11 61 30 89 19 55 48 7 78 1 25 45 3 51 18 60 4 63 54 53 73 71 28 15 85 59 15 2 93 47 77 99 82 23 8 91 66 80 22 82 48 45 85 0 62 9 82 42 45 19 41 50 36 32 10 34 52 20 65 1 43 69 20 86 0 91 98 80 41 11 44 25 27 14 19 6 60 99 83 25 44 59 58 78 49 16 88 32 22 24 68 28 42 89 37 47 7 50 63 5 98 47 17 58 35 58 91 94 2 68 20 14 83 18 35 17 31 45 8 22 72 58 71 86 29 20 60 86 39 51 5 
71 43 97 81 10 8 45 25 24 49 61 70 70 22 22 60 35 35 50 6 43 6 12 50 33 85 68 90 85 1 70 57 82 15 26 41 87 60 87 30 1 88 49 38 21 0 63 33 7 85 29 71 85 16 44 91 18 92 37 25 59 89 23 96 14 39 31 78 69 85 65 32 6 55 85 60 70 23 63 61 58 46 69 18 59 29 34 39 94 87 7 52 32 93 90 99 16 17 91 64 9 14 1 33 12 64 97 0 87 84 3 61 9 26 42 28 86 42 77 33 98 79 7 20 11 43 63 44 20 41 47 96 
97 20 51 32 40 11 3 14 45 83 10 52 71 37 41 80 76 39 43 23 31 67 83 86 16 97 93 47 53 13 30 55 9 12 24 62 7 49 25 21 68 53 27 24 52 56 0 25 15 95 31 86 2 61 15 9 58 77 16 24 4 84 75 29 53 76 38 58 32 36 77 36 22 60 74 89 96 57 22 83 68 84 16 65 55 30 39 81 75 77 32 80 32 80 86 23 85 24 49 87 4 71 55 19 28 96 58 97 88 45 68 91 88 83 56 76 40 17 56 73 13 80 0 5 25 1 75 77 91 71 95 81 
31 93 91 35 13 30 60 56 28 13 84 4 86 52 31 96 15 23 13 2 34 93 66 76 24 52 8 35 84 55 22 2 78 89 14 56 37 88 25 51 83 28 76 47 8 71 71 0 23 74 22 54 55 95 38 68 19 50 84 47 76 40 74 27 97 87 0 7 66 61 80 13 80 67 58 87 56 2 75 42 3 95 66 40 50 94 21 23 64 57 74 60 65 66 57 58 86 4 53 46 8 48 96 56 1 63 84 82 42 97 14 13 70 44 5 2 96 99 35 22 82 42 13 5 78 27 92 58 54 24 85 44 
67 43 17 98 17 7 57 87 19 69 47 0 6 87 10 80 29 97 24 63 21 66 45 8 6 54 31 32 27 66 95 35 82 6 19 66 64 95 46 44 64 97 29 71 94 58 74 22 0 0 9 88 24 25 59 27 76 50 44 14 24 67 8 79 81 62 48 78 69 67 79 30 16 28 85 66 13 83 35 79 41 62 62 39 86 99 15 74 26 78 52 57 94 77 96 74 10 67 61 74 87 76 31 86 12 73 14 4 64 23 37 17 48 67 25 81 53 9 60 63 96 37 39 68 46 40 28 95 32 96 46 15 
28 77 79 0 15 79 92 72 98 0 95 18 55 98 2 86 48 77 0 97 52 20 40 79 51 87 3 2 37 98 51 25 31 88 39 95 73 72 2 62 83 80 87 89 71 60 35 10 33 0 10 54 20 9 35 48 97 31 95 93 64 9 77 31 23 94 67 47 80 94 98 69 98 61 5 12 87 99 60 79 40 34 24 73 33 32 41 19 80 75 73 33 49 82 80 43 23 27 21 96 1 63 5 20 32 2 74 86 42 7 7 20 42 0 59 71 20 88 75 80 18 78 98 93 95 22 28 6 3 94 63 20 
86 99 54 47 20 24 91 0 38 55 81 30 82 83 23 7 63 97 93 83 52 63 33 44 84 80 77 89 65 45 27 40 18 42 73 0 42 80 69 20 74 12 38 50 46 58 1 48 96 91 0 18 97 54 53 21 74 80 24 66 59 55 54 91 92 13 85 14 85 81 89 94 9 42 93 21 64 96 58 63 88 15 95 43 90 76 61 33 11 70 67 8 33 66 19 77 37 92 71 40 30 19 6 48 47 91 74 19 67 65 27 63 78 31 24 76 49 22 11 6 63 78 40 15 70 22 10 43 37 70 8 76 
96 22 26 45 70 36 60 27 52 85 93 32 26 12 26 16 11 32 15 45 38 69 79 10 7 83 91 40 65 23 68 74 94 55 30 11 6 81 18 54 50 68 64 90 8 27 18 16 67 50 52 0 43 76 98 64 66 60 17 76 96 46 20 84 97 61 31 18 93 79 71 88 32 93 2 75 85 52 95 62 4 17 44 51 18 5 22 56 11 4 16 7 92 6 49 63 86 32 32 73 12 9 1 50 8 79 63 92 30 66 0 8 15 19 69 68 96 69 64 90 76 75 76 33 94 74 96 1 16 80 39 77 
30 32 84 61 83 45 34 80 19 57 39 60 78 18 67 63 84 76 16 70 74 94 8 94 84 91 68 18 97 49 60 44 77 24 31 0 77 70 57 98 98 43 96 56 0 93 24 76 30 66 63 73 0 32 61 66 22 49 51 78 95 35 2 11 15 35 29 79 95 22 11 14 17 10 35 49 38 18 9 66 66 3 91 0 98 88 87 16 76 17 28 64 23 98 8 76 66 78 44 23 46 29 75 7 84 43 42 1 78 4 9 91 34 97 35 88 25 91 76 20 57 0 61 13 50 75 58 54 24 81 27 19 
82 34 36 26 96 61 70 49 30 10 95 64 4 50 91 30 22 32 9 44 73 34 81 10 25 34 60 67 15 16 91 36 66 59 26 0 41 81 20 75 8 43 95 45 52 84 49 10 66 65 26 5 44 0 83 66 34 91 98 63 33 37 96 76 33 90 50 22 93 55 21 60 10 83 36 54 58 89 29 82 41 96 55 50 83 42 76 6 2 4 5 63 38 38 71 11 18 55 51 63 77 69 79 34 99 51 8 63 67 89 44 78 55 44 81 70 6 10 68 19 49 4 64 79 68 72 51 2 28 92 32 58 
12 88 2 38 65 33 8 43 88 70 90 2 86 51 5 61 22 61 39 12 95 40 62 84 52 54 15 58 63 37 63 71 42 84 30 1 81 72 96 14 92 76 45 28 40 52 48 72 43 11 5 61 25 19 0 41 33 54 23 99 56 77 79 36 5 7 57 19 25 50 84 87 95 69 57 63 42 29 43 33 78 8 36 14 21 18 98 42 47 34 40 79 10 57 12 5 60 6 19 53 55 24 61 90 31 21 51 90 62 72 24 38 76 87 31 30 6 23 47 36 62 0 76 75 74 4 70 36 94 97 41 96 
7 4 52 25 73 2 64 56 85 1 84 56 41 38 13 22 7 23 68 88 12 36 25 0 74 64 5 1 88 78 84 41 54 9 8 68 21 10 49 92 52 77 86 78 98 19 6 49 72 38 80 74 4 66 77 0 76 12 49 55 45 44 19 20 27 78 36 21 74 13 70 49 58 21 75 66 77 95 96 54 66 81 29 40 93 40 6 45 61 30 61 14 56 70 74 9 38 45 40 4 91 34 6 67 11 42 59 72 9 63 2 13 55 26 23 14 66 64 79 25 26 74 75 69 34 89 76 58 94 89 45 16 
45 3 70 98 17 6 98 21 26 86 9 82 48 47 9 12 21 53 87 1 3 70 88 53 70 62 93 32 63 4 96 9 10 13 54 23 10 64 7 96 51 69 21 58 43 4 46 25 49 47 44 61 28 12 6 68 0 65 60 85 55 57 8 65 79 98 95 2 78 61 30 87 6 8 88 14 81 49 73 38 34 11 69 59 96 53 3 49 72 95 60 48 3 65 23 10 59 11 54 62 47 65 27 29 45 83 66 80 47 55 74 30 58 87 72 88 39 67 46 67 77 35 42 94 56 18 11 5 20 75 9 1 
89 57 30 34 3 14 72 51 63 72 15 66 97 20 99 16 78 13 23 3 69 74 1 14 9 63 78 42 50 2 74 33 25 46 9 37 83 37 33 15 90 12 80 60 35 39 94 93 84 79 85 94 90 91 29 6 79 0 62 98 24 14 2 21 68 67 61 71 34 22 50 45 39 44 35 69 94 53 8 91 71 91 93 48 86 39 67 87 89 46 87 41 27 58 41 99 52 55 99 24 50 63 63 78 73 5 41 91 28 14 26 59 60 49 71 11 39 89 46 62 74 50 48 74 99 28 15 92 35 40 95 23 
64 26 12 21 43 85 54 60 17 30 58 13 71 87 37 4 20 58 68 67 58 71 78 17 82 16 34 59 50 16 60 82 61 99 79 1 46 99 31 49 65 26 28 70 36 88 31 34 65 72 16 62 57 56 90 29 65 56 0 88 80 41 9 17 44 28 11 6 20 42 44 3 26 73 21 35 17 26 70 46 89 67 14 3 30 88 50 75 88 74 42 97 40 12 52 7 89 65 68 65 14 68 84 33 12 24 59 80 32 79 43 17 1 81 57 60 24 77 1 9 49 20 2 58 99 47 32 31 5 65 1 38 
52 10 95 15 85 18 72 23 47 33 20 8 82 59 56 28 59 17 80 76 68 4 54 83 16 10 15 94 80 43 51 55 77 32 1 41 74 80 65 39 99 69 41 31 28 50 19 3 35 51 85 48 77 77 92 8 52 89 35 0 38 10 27 64 52 62 4 97 41 84 93 5 17 87 7 10 98 87 81 10 52 6 65 78 46 32 48 23 8 78 43 77 89 35 70 99 86 95 65 92 68 25 34 28 4 88 63 54 2 27 5 70 85 9 86 40 92 33 56 99 8 15 46 65 62 95 56 72 13 31 75 94 
47 3 78 86 85 30 61 70 93 16 73 98 3 23 9 7 64 40 21 1 55 74 0 94 21 2 28 68 25 78 13 15 1 52 38 36 64 52 57 22 21 14 82 90 73 61 24 34 61 17 52 16 55 88 35 70 23 77 26 41 0 57 93 36 66 14 70 37 53 33 54 11 62 89 6 87 71 25 54 13 94 99 36 36 60 37 28 13 43 6 78 79 94 94 68 89 36 58 15 35 81 39 61 75 93 1 70 4 59 75 68 62 76 6 45 5 1 16 19 7 94 40 22 14 76 4 18 98 89 13 41 85 
21 91 77 36 77 45 23 66 20 29 95 77 1 90 56 92 88 14 52 49 66 7 53 63 65 14 68 40 61 4 94 46 52 4 61 64 16 97 9 56 26 37 20 79 40 76 77 53 44 80 24 51 13 89 12 7 28 77 41 99 67 0 17 48 71 38 51 50 17 87 26 9 26 79 59 62 44 99 39 96 22 10 29 39 93 25 89 33 93 13 60 41 71 13 94 70 43 63 52 31 52 1 74 33 77 61 21 14 28 16 86 33 6 72 23 32 27 19 72 13 50 65 44 82 28 69 62 96 14 60 39 81 
58 12 19 62 13 95 21 72 27 57 15 49 42 4 11 51 60 75 64 97 25 10 85 26 78 36 69 49 61 20 47 55 17 46 68 9 12 54 31 79 84 90 65 38 92 89 36 77 98 77 99 39 74 50 75 53 29 89 79 79 63 84 0 65 18 2 96 49 8 1 73 65 40 85 61 77 49 76 48 80 30 59 44 3 84 78 97 41 52 52 50 13 77 89 22 12 61 17 22 23 0 45 88 73 30 72 20 1 71 52 19 24 25 21 25 34 61 76 5 31 86 93 1 85 71 6 44 21 85 90 11 76 
50 30 71 51 33 79 24 3 26 31 64 23 71 18 32 67 52 29 36 31 80 42 19 69 37 10 5 52 74 88 17 18 84 52 6 45 78 76 57 50 79 50 11 54 99 71 77 10 91 20 94 67 81 44 96 32 55 6 26 16 43 81 94 0 83 20 85 62 53 45 73 19 85 27 51 34 25 6 36 15 44 68 22 33 60 98 76 91 42 33 25 65 74 20 56 3 45 85 76 83 79 69 44 30 15 12 10 59 23 63 57 76 83 13 82 11 97 55 0 66 23 91 40 80 42 6 4 27 91 54 46 55 
40 23 10 17 89 4 70 25 77 43 74 62 1 49 12 3 3 31 49 43 71 61 10 38 79 9 98 52 54 33 1 88 8 3 87 97 84 45 91 85 35 25 7 78 84 7 41 57 2 10 87 59 50 71 43 68 86 20 47 60 40 65 5 89 0 19 15 47 6 17 1 77 73 76 38 40 75 2 81 68 70 41 14 81 86 17 85 12 37 15 11 33 80 98 73 1 42 72 98 93 11 86 94 94 83 97 61 64 39 3 34 41 41 93 60 25 47 75 3 44 5 17 12 77 8 13 47 29 19 32 78 99 
94 89 22 3 43 98 3 49 28 77 29 89 62 98 78 66 95 56 9 88 48 33 68 7 35 20 90 37 25 70 3 8 89 89 76 30 75 70 31 9 67 97 92 12 30 83 76 19 50 32 59 75 15 27 85 71 47 91 18 54 95 76 90 99 1 0 98 39 14 29 94 46 78 32 20 86 28 83 45 97 54 84 39 41 74 65 66 43 17 18 58 90 36 78 91 18 70 45 89 85 84 28 90 80 18 38 69 43 48 75 28 86 13 25 2 71 27 58 91 49 88 89 65 8 90 17 26 44 71 47 52 41 
67 92 25 16 70 90 35 99 37 26 31 98 93 56 19 46 49 3 26 8 62 47 9 63 60 99 87 84 71 9 89 79 15 86 36 26 10 12 92 66 9 94 19 50 67 26 36 4 93 15 90 91 46 10 61 15 15 35 35 37 14 12 51 58 81 89 0 83 16 42 96 52 4 7 81 48 33 69 67 28 70 25 94 44 67 39 48 20 88 58 78 77 40 16 16 58 36 49 73 89 43 90 38 61 77 76 18 49 72 24 11 43 81 41 84 83 24 58 86 64 74 17 90 18 72 49 97 18 92 17 27 7 
61 26 25 53 73 55 74 31 19 24 86 33 27 0 38 33 13 88 52 64 53 13 2 98 74 57 42 31 18 91 33 68 70 10 87 94 60 73 48 38 61 16 75 50 81 90 91 16 86 83 6 89 93 73 86 41 33 24 16 89 70 23 77 17 81 53 82 0 66 26 69 84 21 26 82 39 83 48 0 79 28 40 88 7 61 54 14 71 94 13 70 95 1 40 12 19 10 15 45 82 12 91 51 74 21 71 69 38 62 42 53 6 62 19 47 28 70 92 47 96 77 68 90 27 78 84 94 97 23 51 8 81 
60 91 36 22 17 48 80 55 1 41 22 69 58 66 40 45 34 87 93 41 20 0 26 4 91 18 70 5 47 50 71 65 62 70 35 61 39 76 61 48 47 23 90 91 60 37 6 22 95 60 51 19 57 33 88 49 35 34 35 23 71 3 55 75 11 56 9 22 0 73 67 78 71 92 66 53 68 59 65 95 78 48 13 53 97 21 52 45 87 63 68 74 97 38 79 30 35 70 53 77 98 11 42 16 97 69 41 20 81 32 78 54 99 41 23 72 11 75 44 85 22 84 44 98 65 77 6 53 53 82 54 48 
35 30 45 11 2 68 67 82 1 26 75 46 83 39 34 35 21 12 66 29 81 27 70 95 26 84 11 16 57 45 65 36 47 6 23 91 49 95 58 7 12 82 57 49 75 76 78 62 8 92 6 51 42 66 66 26 20 7 86 63 94 62 23 24 58 27 69 20 84 0 32 77 44 58 4 55 41 26 90 28 82 58 78 58 43 67 71 41 86 32 93 8 25 17 6 5 1 74 76 14 34 29 61 39 49 24 12 30 7 78 8 34 27 46 27 81 59 57 1 33 56 9 27 37 40 86 15 33 37 41 18 59 
37 57 77 22 61 45 61 57 47 77 26 50 24 93 27 37 86 80 44 27 75 27 52 80 71 4 2 32 96 22 56 15 49 79 4 17 76 62 75 33 97 88 72 74 97 45 85 3 36 15 92 31 95 94 61 65 9 65 92 19 85 50 51 43 89 89 39 0 58 5 0 0 69 41 47 10 47 58 49 14 10 88 68 54 10 13 7 26 1 92 95 20 4 32 19 35 71 31 69 48 26 28 12 74 14 11 25 9 14 44 13 69 62 4 93 21 34 92 1 14 24 38 3 66 73 10 95 15 42 49 36 77 
13 74 34 18 8 51 32 71 29 67 30 80 49 50 11 92 61 41 48 62 41 8 60 42 28 82 21 17 40 60 74 57 40 19 20 95 1 84 98 18 42 29 55 41 40 87 65 37 1 47 13 62 81 34 68 17 11 0 66 94 18 29 30 4 71 67 92 82 84 56 88 0 81 64 81 8 88 18 75 69 95 75 62 31 1 51 4 25 5 80 65 49 65 23 58 70 50 74 42 56 23 59 41 25 64 62 36 93 46 40 86 57 14 68 51 62 96 32 98 96 80 37 0 94 84 32 48 32 83 45 34 35 
73 79 69 83 95 62 12 31 43 53 84 22 39 58 29 66 59 67 52 41 96 33 38 9 4 65 47 37 36 16 64 6 1 27 90 20 6 94 49 9 59 74 13 48 20 99 69 4 34 97 38 72 11 87 46 99 24 21 47 72 39 95 6 0 75 23 13 5 6 8 90 87 0 1 22 65 87 39 78 98 47 72 77 15 84 93 41 53 47 73 41 95 11 2 34 95 61 26 8 42 74 78 47 59 90 86 27 36 86 95 82 12 27 37 96 1 70 76 66 94 89 39 32 93 48 80 62 80 13 99 6 69 
38 65 23 24 93 17 81 69 94 12 29 88 97 42 94 10 50 21 2 89 49 61 87 3 84 9 45 16 37 34 76 34 63 41 3 70 88 24 73 90 27 50 10 93 63 59 38 16 24 17 13 31 76 96 61 7 83 29 48 43 56 6 79 29 43 62 57 17 67 80 7 81 17 0 1 56 12 47 16 96 81 68 75 14 23 73 84 71 59 21 73 91 74 38 8 42 70 67 46 8 32 51 44 10 96 67 22 57 20 61 80 1 50 81 74 71 38 0 28 28 49 45 31 2 40 44 0 86 68 15 58 40 
47 15 26 26 45 31 64 0 10 63 4 89 31 28 52 15 79 66 41 93 59 32 73 34 78 49 49 42 69 98 3 73 63 51 27 48 49 7 38 77 25 27 76 59 68 93 41 26 62 26 3 89 22 34 98 25 55 65 64 47 31 77 60 35 11 15 58 28 4 15 74 43 49 93 0 27 56 73 20 51 8 44 28 73 21 86 27 62 64 76 76 12 17 36 88 17 2 63 84 72 29 10 69 59 8 43 75 38 95 22 64 44 97 68 33 76 76 27 70 41 60 12 83 95 54 74 79 14 30 80 77 85 
16 55 91 82 75 42 67 65 92 39 86 70 81 79 7 87 87 9 41 59 3 23 9 98 29 78 54 91 19 13 91 57 80 23 27 57 52 54 36 55 29 83 54 79 48 76 92 92 42 99 26 5 95 34 10 12 44 72 52 57 9 63 56 11 94 65 95 38 71 68 22 33 51 8 32 0 42 6 7 24 97 84 35 86 18 58 80 46 59 27 56 2 90 60 65 14 63 61 27 95 83 40 99 86 70 77 4 44 63 63 37 89 6 73 35 60 9 70 17 74 52 7 86 36 44 64 96 41 47 46 43 37 
90 31 64 87 99 84 36 53 50 83 9 57 16 82 25 42 52 33 10 77 67 72 22 66 54 33 55 55 29 96 47 91 38 0 86 37 32 99 33 76 56 75 0 3 11 59 95 42 62 53 67 23 75 41 7 16 60 96 22 86 86 92 93 10 19 23 22 17 37 64 9 73 44 73 85 88 0 27 63 78 29 84 16 6 25 57 39 43 41 90 87 78 53 81 89 38 54 46 92 83 29 25 23 93 0 77 70 16 30 31 31 19 15 32 72 38 66 68 33 37 18 88 55 10 20 79 48 98 15 13 15 5 
59 73 61 49 0 77 94 66 55 52 58 32 87 88 16 60 70 53 64 76 47 23 84 78 60 72 93 97 20 50 1 53 59 44 81 77 18 51 86 26 26 33 57 46 27 86 19 58 49 80 87 5 67 85 63 63 76 91 59 59 98 40 84 74 15 55 80 88 34 92 4 61 84 87 99 4 5 0 16 71 4 52 96 67 4 88 56 10 89 8 89 34 32 69 71 45 69 81 6 54 96 24 54 97 82 48 82 57 56 42 25 7 32 26 55 35 38 72 79 23 55 96 98 75 48 49 83 60 69 80 28 66 
16 48 94 62 85 58 58 46 21 85 18 11 69 28 98 32 41 40 90 16 57 49 57 66 42 30 32 46 34 73 55 81 3 13 37 41 79 34 90 19 70 32 61 94 92 56 32 33 86 92 18 78 15 98 19 14 24 15 39 37 65 26 84 18 2 68 58 28 92 25 79 99 49 5 88 94 51 96 0 35 51 88 31 17 90 50 51 84 23 76 49 26 18 53 65 26 73 66 49 45 13 82 18 40 83 60 5 69 70 94 55 68 9 77 55 41 86 46 21 47 19 60 28 39 74 91 74 11 64 89 36 74 
18 67 49 22 59 85 92 14 94 35 26 78 72 72 6 56 44 66 15 81 39 82 24 21 99 38 11 47 64 68 5 58 33 91 27 57 54 22 93 90 54 65 7 98 68 16 49 12 11 26 41 89 82 83 32 16 79 90 46 4 3 87 19 23 60 85 86 64 12 60 66 45 54 41 68 20 28 23 35 0 32 6 54 35 85 77 79 90 16 76 4 66 72 37 54 43 43 66 49 25 20 38 67 49 19 58 89 48 39 24 11 62 5 19 3 50 86 91 78 48 98 44 23 12 56 66 29 33 60 30 40 13 
81 12 15 43 73 6 25 92 76 61 81 4 37 72 5 5 51 81 48 82 52 37 4 70 99 96 4 92 20 98 69 88 90 85 20 91 62 58 40 11 87 83 6 6 61 39 31 8 74 22 57 66 0 53 10 18 90 6 10 78 67 45 12 72 61 49 73 51 17 6 98 89 79 17 16 44 66 27 49 48 0 8 28 20 54 53 74 46 52 45 82 53 45 87 42 78 68 7 70 32 45 68 30 68 66 21 92 68 26 11 48 23 40 73 3 75 44 51 90 98 14 19 8 99 54 93 7 87 85 19 1 96 
54 82 14 49 19 21 99 38 43 76 77 15 44 68 44 45 53 62 60 93 86 21 5 98 17 58 99 65 49 47 28 4 66 0 99 25 51 90 55 5 44 97 96 78 52 82 51 89 24 2 67 84 51 62 53 64 5 93 74 87 23 55 23 21 45 72 7 41 98 5 87 3 61 34 96 62 37 6 99 4 72 0 56 69 21 77 92 99 90 8 69 68 98 27 37 81 28 86 48 51 80 41 49 0 79 2 72 61 50 18 41 40 94 40 78 17 52 29 17 31 8 16 0 89 68 82 83 79 55 98 70 99 
19 23 72 69 4 10 2 75 51 39 55 35 52 41 54 87 40 42 81 18 54 98 42 45 97 55 33 5 31 25 24 52 53 40 8 23 44 30 47 18 96 69 95 72 0 35 23 87 77 80 9 8 16 33 25 19 79 86 4 13 76 35 29 60 67 72 29 37 89 43 13 46 17 15 47 34 55 65 13 8 68 8 0 93 16 26 31 3 5 80 35 72 6 90 11 45 92 59 92 96 84 36 6 19 51 87 49 36 30 48 29 56 12 40 32 45 99 11 74 66 62 32 47 77 38 1 51 21 21 40 67 45 
84 86 14 30 61 2 51 93 87 9 41 5 62 86 30 0 80 29 79 84 31 66 85 22 33 60 21 59 29 32 37 36 16 85 13 96 4 64 30 96 6 65 54 62 38 92 30 75 8 43 42 72 2 86 29 56 96 33 10 61 14 59 38 12 76 42 37 51 88 59 29 46 70 55 4 89 92 33 22 38 70 48 6 0 66 12 29 24 99 27 59 61 50 46 29 95 38 53 80 55 81 73 31 44 2 84 57 62 13 4 59 56 76 83 1 1 34 49 95 37 42 73 29 84 26 59 7 19 53 91 25 74 
32 15 59 59 53 47 69 34 18 54 90 80 22 86 27 9 49 45 34 4 50 47 60 45 41 79 81 10 43 21 12 61 43 67 35 31 7 56 77 34 80 58 26 36 91 28 36 63 77 76 56 53 38 24 29 89 3 20 9 85 21 96 40 71 26 23 20 27 51 66 55 27 80 21 48 94 12 84 17 54 20 83 29 9 0 96 56 74 52 68 57 29 95 46 75 55 57 70 40 81 31 58 14 4 96 36 5 20 37 33 83 2 88 21 68 51 63 85 68 4 93 93 21 93 68 32 14 51 63 81 58 39 
64 84 40 96 71 34 7 60 53 5 61 99 39 4 24 37 83 40 72 99 65 73 90 44 5 60 71 34 53 57 26 96 69 64 95 31 22 93 99 59 47 54 13 91 4 89 96 8 54 39 47 63 21 68 31 46 28 73 43 74 42 49 38 43 14 79 75 97 42 24 45 46 82 77 47 8 63 57 10 82 39 79 18 27 74 0 34 91 40 11 16 89 88 95 49 83 14 16 85 57 21 23 30 70 15 94 73 8 69 28 62 83 7 70 71 29 65 95 7 44 9 38 77 27 20 36 17 98 1 17 37 9 
49 64 92 92 61 67 0 72 37 54 86 40 10 15 88 6 36 23 39 41 66 99 8 65 66 17 41 69 8 47 64 38 71 7 95 80 53 50 67 54 61 50 4 11 43 91 38 48 7 13 87 2 98 28 52 8 26 54 29 62 48 22 38 29 85 18 60 23 83 66 57 83 18 24 72 82 75 17 21 69 51 34 5 27 97 64 0 53 47 52 26 46 47 57 40 6 61 89 14 26 91 45 83 75 2 82 0 34 3 89 97 96 41 65 14 35 92 80 52 77 27 59 82 3 30 22 75 1 78 37 30 29 
9 45 14 85 24 18 17 59 20 1 31 0 49 75 52 8 49 2 30 82 48 89 18 28 45 55 42 78 70 91 92 13 38 43 78 18 16 90 45 37 63 32 92 92 57 98 77 40 94 16 0 4 41 80 58 25 62 60 70 19 54 8 14 78 8 57 3 19 87 42 82 58 34 42 59 49 72 66 30 36 15 61 30 57 78 46 5 0 46 40 98 5 70 5 88 57 92 61 26 17 20 68 90 72 52 84 21 37 71 14 23 73 38 8 14 94 91 60 21 0 83 94 13 13 91 41 59 73 96 43 15 65 
0 20 50 5 61 84 51 52 13 12 1 90 92 29 1 94 91 31 42 47 53 26 76 70 3 18 20 45 1 72 42 78 12 58 17 79 68 0 20 86 20 38 84 71 45 74 41 77 16 82 13 94 51 51 67 86 30 65 1 75 42 23 87 32 56 95 85 60 18 51 39 66 64 31 23 2 72 71 91 59 95 74 2 45 64 89 71 31 0 84 25 77 97 33 59 25 80 71 42 8 78 33 81 88 57 12 96 60 28 72 20 65 25 39 54 65 3 38 23 87 48 24 75 7 24 62 6 52 88 26 96 67 
1 75 53 56 70 41 20 33 57 98 41 63 26 74 75 10 9 97 47 83 98 83 87 81 88 71 11 17 18 5 69 19 43 14 61 54 97 79 60 60 24 75 15 80 26 98 36 89 75 95 28 4 11 68 68 33 16 29 89 15 54 67 64 98 6 76 16 71 78 85 15 7 71 16 32 68 42 95 10 25 33 97 42 9 73 0 46 4 25 0 9 66 66 82 61 33 13 7 48 2 66 10 68 10 51 64 99 37 20 53 83 36 16 90 96 45 87 87 3 30 2 31 22 97 23 16 67 50 28 82 79 3 
91 43 52 16 16 92 50 90 23 47 3 15 24 68 59 65 33 54 93 76 23 74 28 50 13 60 36 40 7 91 23 43 51 64 0 26 30 95 12 4 69 16 66 2 51 81 18 50 63 21 17 55 51 18 3 93 45 36 1 93 82 33 29 66 53 50 21 75 21 72 34 61 3 17 74 74 87 85 81 68 82 80 43 0 50 66 31 6 14 38 0 17 33 32 54 90 4 82 43 3 20 73 80 2 59 1 29 0 23 1 50 88 83 2 11 57 50 92 55 56 0 69 5 37 55 3 4 57 5 77 82 45 
97 14 0 85 80 57 40 0 36 61 78 51 11 97 3 25 62 77 97 43 57 17 21 61 88 65 55 86 97 18 67 28 49 39 45 8 85 53 22 25 1 71 39 59 8 69 83 64 27 80 12 11 80 54 27 73 59 68 57 13 40 82 3 63 88 42 46 10 91 21 88 72 39 75 35 43 6 6 67 97 62 67 68 80 5 37 18 8 5 50 92 0 18 2 44 25 28 19 89 25 31 16 48 85 32 82 53 46 11 57 83 72 9 94 52 44 38 37 9 50 95 5 32 97 2 44 9 93 92 94 61 32 
11 14 14 13 30 49 28 26 15 86 76 0 76 20 88 57 9 30 79 32 85 84 59 72 51 72 80 23 42 28 71 85 38 68 96 53 54 44 46 25 55 3 98 77 97 15 67 67 49 61 13 22 60 38 81 81 47 35 61 48 64 70 5 32 57 33 77 44 84 49 33 56 75 21 12 23 29 72 26 90 7 94 26 18 9 50 43 75 77 65 5 95 0 91 47 4 43 14 31 34 78 55 13 91 47 24 40 75 16 28 75 75 37 33 65 20 0 19 76 4 56 85 51 15 0 74 40 0 80 23 97 86 
8 28 66 22 22 20 17 78 58 65 59 30 21 37 34 35 58 0 37 66 70 75 79 36 64 47 76 97 64 67 74 57 48 86 20 91 48 37 78 45 8 77 12 25 86 66 5 7 30 77 25 20 42 60 2 71 45 15 52 63 99 26 24 72 8 90 35 66 78 74 4 25 75 40 7 67 96 92 95 17 79 53 95 81 75 50 69 32 85 49 19 57 9 0 72 14 34 68 64 85 83 76 19 52 69 98 93 20 16 43 76 34 5 26 45 11 71 67 47 22 88 20 47 2 85 69 1 84 12 66 31 37 
62 86 89 60 85 13 81 38 31 98 32 23 82 61 1 6 84 16 78 87 91 41 2 96 73 5 98 94 61 8 92 65 35 80 94 34 54 16 32 98 78 38 26 55 12 30 16 24 18 47 27 2 79 19 41 18 67 95 10 79 73 21 99 49 74 53 64 24 28 56 77 19 35 87 8 44 63 37 47 60 71 11 66 45 82 89 9 4 13 19 69 69 49 22 0 12 50 83 50 73 20 46 35 89 17 91 89 8 40 8 72 98 39 24 58 23 10 0 4 90 61 20 39 78 91 72 49 66 7 41 91 31 
44 24 84 59 50 34 79 85 77 87 13 45 92 65 46 63 71 72 94 8 5 76 49 32 29 63 52 61 89 14 8 29 70 74 44 73 63 56 46 4 17 3 43 19 16 18 4 49 54 26 78 22 25 21 22 52 95 97 39 15 84 52 0 91 25 33 17 81 99 37 46 75 30 56 51 16 38 51 48 8 41 71 60 60 53 15 78 23 93 26 32 38 19 20 60 0 6 20 73 34 87 72 73 99 48 62 47 35 78 59 51 42 86 27 70 25 32 76 6 81 90 83 91 89 82 67 70 44 24 33 89 43 
16 98 28 33 89 51 63 9 7 2 72 65 62 19 95 20 32 14 62 87 28 57 31 25 41 7 19 16 15 95 93 1 92 90 46 87 60 15 32 93 71 88 37 30 45 91 79 65 80 73 78 91 5 52 59 56 33 59 37 4 46 34 6 90 63 63 30 26 8 44 39 57 80 77 89 33 73 62 38 45 2 18 72 38 65 26 74 35 2 1 60 19 85 89 95 0 0 20 46 34 90 41 84 71 71 35 68 81 38 64 48 39 70 88 24 90 44 84 40 17 69 26 2 74 34 4 18 52 27 28 67 60 
95 48 42 41 34 83 85 62 77 96 81 46 74 2 52 42 8 14 22 99 26 59 9 90 77 11 20 46 78 42 29 30 16 83 46 56 18 30 9 2 17 59 5 71 85 66 93 26 52 44 56 64 15 65 39 56 92 7 11 28 5 39 24 66 87 96 43 33 92 37 40 26 87 28 27 75 33 78 36 11 94 93 55 41 15 61 19 83 42 90 19 87 0 75 33 89 10 0 30 79 34 7 12 25 78 79 44 61 86 72 86 72 5 51 33 93 81 74 35 51 37 65 34 76 54 47 18 52 63 46 24 25 
90 75 14 0 42 21 45 74 90 45 84 47 4 79 40 43 4 60 15 47 16 43 54 66 45 55 15 20 80 66 13 81 38 41 52 55 46 92 36 6 54 13 34 17 44 29 62 10 63 26 80 12 57 29 6 97 77 51 11 70 40 32 90 91 9 95 2 55 65 89 66 73 39 79 16 7 17 10 79 64 77 27 15 89 40 98 67 9 38 72 69 81 95 22 44 75 24 12 0 71 43 29 40 78 23 59 19 7 48 75 54 32 39 35 11 64 99 93 48 7 62 98 8 38 90 64 13 12 13 85 37 68 
4 8 25 32 25 94 69 3 45 81 41 31 9 92 6 62 46 72 29 84 16 47 29 74 24 13 37 81 61 83 75 36 89 52 40 60 21 74 9 84 6 89 75 38 92 77 21 26 17 77 58 84 19 37 38 0 40 32 5 18 63 51 39 84 71 31 64 70 0 82 56 49 10 29 75 88 90 13 55 27 48 96 86 33 71 11 52 37 17 95 6 25 95 16 1 76 5 2 78 0 99 6 79 5 11 78 91 71 21 85 4 24 18 33 33 39 2 76 41 74 53 76 28 0 34 9 27 99 76 13 42 30 
5 83 3 81 50 45 21 45 57 35 3 85 87 97 71 51 91 59 20 60 43 96 24 75 79 5 7 99 99 35 57 4 66 39 54 31 37 79 48 89 93 74 69 81 74 74 68 31 5 42 79 22 84 46 7 75 49 95 32 24 70 48 4 83 13 27 3 86 61 38 92 25 19 17 19 32 14 80 70 31 42 30 23 25 12 34 17 79 73 11 15 10 80 43 34 28 18 45 74 69 0 73 51 29 15 77 3 68 55 36 46 35 79 48 0 59 75 18 55 90 37 98 1 15 94 62 93 9 87 33 66 3 
97 42 69 59 88 34 66 28 20 91 73 57 78 78 2 15 47 83 17 42 75 72 6 45 59 8 6 36 64 7 75 92 0 16 81 78 76 94 69 16 89 40 4 49 14 0 17 68 2 71 13 9 21 91 92 36 5 53 73 66 39 18 94 94 93 55 78 89 95 77 32 87 50 23 40 91 73 34 70 57 94 5 55 10 53 7 52 52 4 3 71 25 35 40 53 91 85 70 10 30 96 0 84 82 30 57 23 33 71 83 80 3 58 30 70 82 23 53 65 19 70 57 31 79 99 45 12 58 46 14 21 93 
31 13 29 21 36 96 77 57 97 58 14 14 92 94 34 67 66 6 91 39 85 87 24 77 2 89 54 11 48 18 42 24 6 72 66 24 25 50 81 59 4 4 89 85 51 3 92 41 53 28 3 25 70 58 28 98 4 91 22 10 36 64 51 74 5 49 74 79 94 20 22 85 82 50 48 42 90 0 97 21 50 59 28 54 76 43 68 98 90 95 64 9 70 41 53 56 1 2 33 26 30 12 0 89 99 98 24 87 99 57 1 53 10 62 86 98 84 95 49 43 4 24 36 29 70 71 32 79 18 10 33 23 
1 42 84 86 74 31 58 46 78 84 66 31 49 17 63 53 9 88 76 14 21 50 15 56 51 63 21 2 47 68 87 96 40 5 52 61 98 22 39 33 82 56 20 24 89 71 24 54 31 42 32 13 9 92 56 28 59 88 24 10 19 51 28 37 3 27 46 77 50 60 49 28 18 1 26 59 7 76 46 19 0 6 46 31 70 45 42 3 69 12 94 94 3 63 40 88 6 77 96 74 2 99 34 0 88 92 98 16 49 58 64 0 74 66 55 65 57 75 67 71 16 83 67 14 87 55 4 34 67 41 30 49 
18 8 20 10 8 99 19 3 6 19 30 44 14 99 45 73 7 22 61 37 96 76 72 8 89 6 62 52 45 0 87 81 51 17 99 75 39 30 89 54 82 97 64 16 31 70 29 23 84 99 54 49 9 43 95 44 15 21 76 80 14 11 47 33 85 67 36 83 35 83 11 65 48 5 93 17 9 86 15 49 21 87 11 95 29 62 57 95 54 35 36 79 34 67 6 84 29 18 91 79 76 29 25 80 0 77 99 40 42 88 25 45 5 1 46 21 70 58 52 53 0 42 93 0 52 90 54 73 62 23 89 83 
47 72 48 40 96 56 62 54 1 73 78 61 11 10 11 34 52 50 37 76 91 34 94 37 41 52 41 48 88 51 69 26 27 76 52 71 4 99 70 87 32 90 65 99 34 58 6 39 59 28 53 13 49 63 83 55 4 94 16 13 53 8 6 51 87 97 93 79 36 79 52 64 64 29 69 46 29 61 28 8 35 85 44 40 89 77 83 47 78 39 20 10 77 59 70 57 58 74 55 99 37 99 24 15 21 0 65 16 58 31 21 53 85 62 3 66 42 27 31 31 58 70 55 39 99 20 36 64 45 89 63 66 
75 33 89 69 85 71 42 97 72 65 99 40 85 43 47 19 18 72 38 23 43 26 46 94 71 47 74 46 40 60 20 14 92 98 50 48 53 61 77 20 23 89 34 30 86 9 82 43 29 98 86 82 89 40 92 42 6 1 58 84 28 50 73 79 94 0 13 52 1 64 64 61 79 66 12 90 39 9 47 46 26 91 70 12 68 41 18 5 53 58 99 11 94 37 58 57 19 85 31 78 12 0 65 0 5 32 0 42 33 63 67 66 84 13 31 31 54 12 57 70 33 15 6 51 75 38 87 60 16 13 31 92 
65 29 65 90 49 57 16 52 62 4 18 27 81 51 92 57 36 72 60 46 92 33 74 31 99 16 77 26 76 8 2 51 86 22 38 21 12 57 53 61 66 4 76 22 5 83 80 95 41 89 57 33 24 94 25 26 59 15 67 4 37 35 12 89 0 69 65 73 89 4 99 46 44 56 51 32 80 22 46 82 89 60 93 79 83 90 51 46 92 17 92 50 75 42 95 58 80 56 88 94 32 87 47 22 53 12 32 0 43 47 83 27 81 5 59 0 45 59 78 5 16 30 41 5 16 39 62 90 77 77 85 12 
61 9 68 19 22 48 32 58 89 12 2 9 29 5 55 14 33 67 53 42 67 24 66 59 22 55 70 73 79 24 1 40 4 88 58 33 82 22 76 91 1 60 36 90 54 8 36 39 41 62 47 26 69 43 34 63 85 44 39 53 60 69 76 22 85 45 90 49 90 87 84 37 43 44 44 38 88 63 74 26 39 46 97 54 95 94 95 92 79 99 60 65 67 55 10 20 11 21 71 65 29 86 28 29 15 30 75 55 0 18 69 9 56 45 82 15 64 4 90 74 20 98 46 85 1 53 26 43 43 74 94 54 
15 35 75 72 91 62 83 0 59 69 91 61 21 38 50 84 38 38 34 27 53 85 14 43 97 10 75 38 67 58 29 50 58 66 55 99 22 38 56 40 93 20 32 18 77 51 69 76 80 34 83 18 97 4 4 77 30 69 78 69 91 15 86 59 27 96 42 83 68 97 7 1 65 28 93 43 83 86 57 79 28 19 52 99 96 95 62 3 43 43 54 74 57 78 26 46 48 10 91 98 87 2 90 86 16 61 93 78 24 0 56 53 86 12 98 90 98 0 59 78 54 28 20 36 27 87 37 11 62 39 63 95 
69 96 9 3 96 13 30 29 37 60 22 81 17 87 43 81 63 11 27 18 78 78 99 43 62 82 86 43 96 32 32 45 85 75 22 32 57 28 69 41 25 55 71 29 31 46 5 44 13 30 66 44 22 96 37 68 29 17 12 80 55 53 37 58 32 3 13 35 53 90 83 20 78 53 19 65 96 31 57 35 46 37 74 62 34 90 38 42 90 22 79 15 55 48 41 85 91 37 75 14 15 9 43 66 77 49 86 69 20 72 0 87 11 8 48 42 2 86 8 93 26 50 99 3 61 81 48 57 15 26 29 79 
59 27 96 67 0 56 0 12 1 8 5 10 92 13 82 18 35 83 67 67 99 41 57 56 64 77 50 97 15 53 11 72 8 38 36 88 18 48 50 90 37 40 36 23 73 27 93 91 72 73 62 95 38 67 20 83 22 57 68 28 22 79 63 88 20 35 19 9 47 60 51 74 45 31 23 90 18 51 11 19 95 95 85 59 58 67 80 75 10 67 8 7 71 62 44 66 30 27 75 91 44 74 2 26 69 69 21 26 16 77 93 0 36 19 1 69 36 24 47 12 72 39 47 22 34 71 24 28 71 80 93 51 
38 60 57 81 77 61 55 74 36 83 73 94 41 91 88 21 81 67 62 9 18 67 48 64 40 65 23 9 49 41 29 56 93 75 72 6 31 65 12 23 28 38 11 99 74 77 67 65 64 8 67 83 81 21 62 96 70 86 37 51 38 45 76 48 21 63 45 21 29 9 16 35 77 58 15 17 27 12 98 5 50 59 48 90 57 40 86 93 76 14 83 52 76 56 73 34 18 29 26 24 9 90 36 62 40 18 5 74 32 56 46 42 0 50 55 79 13 11 34 15 83 53 8 94 78 89 77 72 6 55 64 4 
13 24 18 3 49 5 51 60 50 46 69 66 71 86 88 37 85 57 2 21 47 50 48 64 38 52 78 6 65 29 82 72 78 59 50 26 67 31 96 70 99 47 31 55 28 91 60 90 3 81 60 93 12 71 8 30 8 70 34 71 98 28 23 44 13 1 98 48 72 39 30 21 95 93 26 28 26 32 32 38 88 58 95 78 90 87 21 56 20 73 41 65 65 91 92 21 14 14 15 50 28 45 65 59 35 39 26 21 84 51 58 73 95 0 52 85 33 10 59 53 85 81 50 7 95 82 19 96 15 11 14 39 
27 72 80 36 38 67 9 59 63 78 41 54 43 2 3 5 73 6 6 92 35 4 86 4 86 62 91 92 57 78 46 8 35 7 9 23 47 62 79 89 74 20 81 99 8 63 76 91 27 53 86 5 33 93 24 44 4 60 57 24 33 24 16 44 59 93 91 39 30 70 66 56 24 39 20 30 12 76 57 27 46 28 36 65 90 60 60 79 45 16 79 51 38 65 26 21 70 54 31 3 71 9 32 80 91 74 2 70 70 37 48 25 66 0 0 3 95 88 65 46 14 63 59 37 97 67 33 11 5 92 91 33 
9 26 8 95 9 59 57 94 84 24 96 44 5 84 50 1 32 41 91 18 47 97 56 12 75 70 7 66 74 46 99 29 42 79 71 94 39 63 84 81 43 52 31 85 47 67 82 51 51 74 23 53 35 64 71 48 77 89 92 58 14 84 14 22 8 34 33 9 82 51 16 23 44 51 7 95 95 39 42 4 57 59 81 33 58 46 20 73 50 81 56 96 95 28 41 53 75 90 60 16 99 12 48 99 43 69 44 94 41 5 40 38 58 4 45 0 44 84 71 96 22 83 38 15 45 59 41 19 81 90 45 30 
8 84 85 84 83 50 27 42 19 65 85 95 86 33 13 90 85 78 6 18 40 79 72 97 70 12 36 16 87 46 81 56 67 62 35 85 8 96 15 0 73 84 53 3 63 42 22 66 60 50 67 70 82 38 91 85 82 65 39 25 31 54 87 37 11 49 57 82 65 83 93 87 19 80 36 89 91 34 99 23 81 57 83 5 77 34 75 92 41 13 82 16 5 71 64 71 31 6 47 51 8 31 27 39 19 26 47 56 35 77 8 1 97 52 21 34 0 17 81 56 70 27 6 91 51 68 80 50 16 3 55 6 
13 41 53 52 12 41 86 96 84 46 66 68 50 94 61 29 1 82 71 58 43 28 11 25 18 37 74 98 85 91 74 49 34 89 65 36 22 43 85 43 29 61 29 41 24 14 30 72 22 59 37 64 78 20 88 33 3 15 56 12 86 35 65 57 12 24 98 78 0 58 21 2 8 52 75 37 1 0 53 97 58 45 70 68 92 64 69 89 44 55 75 43 30 11 10 93 51 86 13 96 3 55 15 12 96 34 84 37 19 60 91 53 68 27 51 40 73 0 38 22 73 28 41 34 89 18 44 15 81 89 6 97 
48 3 1 16 90 57 88 35 90 58 94 57 11 48 74 59 73 57 44 94 91 60 20 94 97 55 33 30 78 4 37 3 55 52 4 14 74 88 14 85 30 28 62 18 60 70 34 43 20 12 89 27 46 30 33 39 42 62 82 1 51 59 11 54 37 5 64 79 72 32 76 29 54 83 1 17 50 95 42 35 19 73 49 48 31 52 84 80 78 30 43 14 41 59 71 67 22 59 37 9 11 25 69 20 86 80 82 32 56 14 55 14 95 93 57 45 44 98 0 92 41 91 98 12 19 35 62 90 25 10 83 15 
38 15 3 13 57 37 83 20 25 91 8 73 16 88 92 67 58 1 62 10 76 71 33 89 26 77 30 87 73 53 82 23 12 36 43 46 41 65 20 77 46 50 11 56 59 6 14 5 11 93 2 66 98 12 84 3 46 84 15 4 70 99 67 27 33 56 64 66 99 25 50 12 70 78 21 59 32 96 98 33 1 88 33 59 73 7 91 73 15 55 83 67 45 96 16 69 11 72 54 89 24 4 54 78 45 89 61 34 73 60 94 53 38 6 35 86 49 16 5 0 58 92 35 4 8 30 71 70 0 36 6 82 
65 40 36 64 13 26 74 56 87 10 24 88 88 39 17 69 31 13 71 84 44 55 11 41 32 27 2 81 36 7 49 54 28 62 55 52 27 3 14 1 36 30 2 0 23 16 94 46 25 78 64 82 43 59 31 19 35 31 75 61 86 79 26 24 82 10 54 9 94 83 16 40 69 74 76 60 96 81 39 14 73 3 6 64 13 96 92 56 25 12 92 58 28 82 56 0 16 53 42 81 80 54 13 97 60 1 4 10 9 79 83 2 47 41 91 85 71 78 53 18 0 73 47 43 83 20 39 67 37 50 47 65 
98 64 16 48 97 3 76 4 64 60 0 31 73 2 55 57 75 26 5 71 61 48 39 49 93 13 10 20 94 56 67 76 69 23 77 57 70 98 78 65 7 63 17 2 87 51 94 30 88 65 21 57 79 17 24 58 96 31 91 23 82 65 41 91 5 43 29 29 31 70 4 83 70 33 55 61 20 25 65 88 61 52 94 68 42 69 3 10 23 14 45 26 42 58 11 89 16 93 88 91 65 23 58 70 4 58 24 82 5 86 57 16 50 75 36 38 53 20 20 25 72 0 42 22 39 4 27 86 16 80 86 58 
60 42 77 99 2 48 51 93 24 61 8 34 3 55 74 3 38 76 33 22 27 9 95 13 74 59 83 60 71 42 81 59 31 97 99 35 70 31 66 87 16 0 35 15 39 83 49 79 93 32 77 10 67 63 10 10 38 99 71 97 1 46 98 83 12 94 22 79 32 1 61 48 25 90 4 72 89 3 9 40 26 44 92 67 83 62 74 81 23 49 42 69 80 15 13 26 80 86 46 71 18 34 15 2 24 76 39 86 8 27 41 58 94 24 41 34 33 13 3 10 62 88 0 85 82 78 91 14 16 78 8 66 
34 82 77 96 59 39 97 48 89 70 95 81 33 67 9 90 62 39 22 77 5 22 36 52 59 48 24 34 41 7 4 67 56 14 23 40 45 53 41 10 80 50 78 1 57 48 57 44 0 99 67 48 6 20 18 7 42 34 47 51 78 78 86 72 86 87 72 67 50 27 89 70 32 68 50 97 63 18 30 26 84 62 56 92 37 83 28 61 55 28 28 71 53 83 63 55 8 74 8 66 12 56 68 43 24 39 97 49 5 88 72 22 89 60 91 58 79 3 12 31 55 38 42 0 61 63 75 94 5 89 49 22 
15 26 9 74 54 93 28 76 62 76 43 13 4 39 57 7 96 2 77 66 32 13 72 18 81 76 93 39 81 6 1 20 28 15 69 0 35 38 12 58 58 56 46 95 26 87 13 71 40 75 8 52 13 14 2 68 55 49 70 67 93 30 41 88 76 65 60 68 38 28 57 41 27 94 61 41 30 93 16 72 65 22 1 56 46 70 88 80 48 60 85 48 26 10 23 67 83 39 71 84 78 58 36 31 88 60 29 72 16 24 14 98 47 56 27 41 67 88 73 54 82 75 35 92 0 47 97 86 48 13 57 13 
88 83 81 29 37 65 60 61 7 34 60 18 16 51 67 30 56 51 44 59 33 51 72 10 83 53 80 93 89 10 23 79 66 15 16 96 15 2 0 22 6 46 18 34 39 67 40 47 67 42 72 32 54 30 88 33 68 60 7 74 80 51 60 28 88 12 88 45 88 64 62 71 9 80 70 72 92 97 12 65 76 46 65 25 21 87 48 57 14 60 13 3 78 87 38 36 33 43 48 80 82 21 40 32 61 85 47 6 12 47 73 13 95 81 69 98 2 30 90 81 48 40 94 14 79 0 41 60 64 86 43 73 
64 99 15 68 46 72 33 30 70 62 51 4 66 94 68 56 76 68 59 48 58 59 21 35 9 15 19 46 79 93 97 47 47 92 65 92 16 33 24 70 93 17 4 54 52 91 94 93 13 73 23 57 86 65 90 23 37 97 61 20 22 72 13 21 87 16 87 6 19 61 37 8 19 56 59 1 16 77 24 73 42 55 41 28 92 57 68 23 10 66 97 50 56 43 90 95 42 17 37 84 50 34 81 15 12 92 30 19 21 57 74 55 62 11 56 7 41 71 63 95 68 2 56 92 10 0 0 81 54 58 17 88 
88 13 27 48 80 64 61 34 10 36 69 23 76 79 96 18 29 84 56 14 14 11 41 91 74 14 65 2 98 28 73 34 13 29 76 65 30 79 22 76 0 92 19 52 84 88 60 62 13 38 31 70 33 54 38 25 4 87 81 20 82 36 45 53 15 13 46 93 34 44 1 51 52 69 47 77 34 92 85 89 69 18 68 51 99 75 62 90 98 94 80 56 27 86 20 12 69 26 79 23 0 53 68 75 37 76 43 41 2 89 28 81 84 76 68 8 21 61 57 74 97 17 47 62 52 62 64 0 51 65 3 37 
32 95 1 16 20 77 28 25 57 21 21 57 36 6 9 33 2 70 55 3 21 51 48 61 45 94 16 71 14 30 0 92 28 67 23 40 15 99 46 92 61 74 1 43 20 38 12 5 93 7 22 52 83 85 42 70 46 12 52 30 41 36 66 39 95 97 88 50 10 98 93 40 24 62 1 51 39 6 9 96 40 27 27 83 61 83 99 11 5 63 13 16 17 99 32 22 40 25 52 72 23 28 74 66 11 45 26 30 44 89 41 80 12 23 16 17 82 66 44 99 53 6 97 19 40 99 91 85 0 0 38 76 
63 12 92 88 81 49 82 82 49 84 35 92 43 69 50 90 26 81 80 88 10 83 46 46 61 32 36 70 72 74 64 6 7 67 98 83 97 12 66 89 99 65 76 65 8 38 13 93 10 45 10 3 4 74 50 82 11 20 22 58 12 31 32 79 0 15 46 64 95 37 88 49 18 40 92 80 8 20 39 81 81 83 97 14 14 44 47 7 21 24 61 29 52 43 90 70 41 77 60 58 49 19 17 41 48 58 15 9 70 95 69 18 82 40 43 45 43 62 5 54 59 0 97 62 21 37 81 77 11 0 11 39 
37 94 52 96 25 67 2 33 57 86 98 11 95 6 21 21 50 71 91 31 59 80 45 62 10 45 90 94 99 50 55 85 26 43 77 50 84 80 24 30 8 4 54 92 78 65 0 4 3 22 37 73 18 89 9 88 20 46 18 52 35 10 43 73 1 90 78 26 15 66 36 86 81 56 66 4 82 18 59 14 56 97 17 32 23 22 18 79 37 83 65 44 59 43 77 51 92 85 54 85 11 18 78 14 96 71 80 52 54 23 97 65 4 47 59 52 86 95 7 83 27 93 6 77 81 72 28 59 93 75 0 18 
70 86 85 51 36 5 32 5 56 79 2 26 4 79 80 94 60 42 8 52 76 85 99 77 36 55 74 33 90 32 65 85 34 49 60 89 77 73 12 92 79 98 72 30 58 58 5 3 12 37 68 25 62 88 89 76 9 11 49 34 86 28 69 76 0 80 30 22 73 80 98 79 90 49 25 34 1 84 13 41 38 41 76 99 62 7 67 93 11 98 20 44 96 73 58 75 69 75 62 97 5 73 6 91 88 69 56 92 23 54 32 65 55 4 12 12 34 99 46 8 90 92 57 28 36 92 96 38 65 22 55 0 
