109
0 8 50 52 29 4 35 0 82 99 75 16 68 43 42 28 26 99 97 3 34 39 52 11 13 92 66 74 59 27 48 56 15 14 0 9 1 6 48 67 45 49 62 9 9 0 25 96 67 17 45 67 17 2 85 74 58 94 87 87 78 45 94 88 25 36 60 73 72 23 78 83 65 3 69 71 87 84 18 69 39 27 51 65 74 34 89 75 66 49 82 11 63 30 81 80 48 88 68 6 87 28 97 51 52 84 41 7 61 
33 0 71 16 14 71 62 77 96 96 77 19 79 50 20 71 31 72 52 51 7 3 35 3 94 84 7 36 80 46 61 15 79 34 58 85 31 39 2 67 52 39 49 90 52 9 91 73 17 21 68 90 0 29 13 47 64 51 82 1 86 87 89 4 78 76 51 47 20 31 79 44 96 91 44 71 48 81 41 6 77 20 28 20 18 22 94 48 97 73 99 39 26 88 37 79 9 6 96 38 4 41 65 10 75 20 36 54 1 
8 56 0 67 80 89 41 38 85 17 34 93 69 50 77 21 32 13 25 66 21 0 35 35 50 99 89 94 71 63 90 77 41 88 46 94 13 57 27 59 92 28 98 94 21 43 89 88 36 65 86 19 81 62 32 62 60 54 85 45 84 71 65 69 50 14 14 93 97 3 97 20 76 21 49 39 41 19 83 56 37 10 78 4 13 77 97 42 88 54 67 25 39 92 31 80 30 6 80 58 71 51 96 13 62 48 94 44 28 
23 78 12 0 97 54 59 83 10 31 3 80 67 51 66 95 3 63 88 58 38 83 5 95 32 14 48 81 40 75 27 61 70 86 35 92 19 58 16 10 15 59 13 27 94 36 82 84 20 79 46 62 6 14 95 26 23 42 17 12 11 60 36 30 83 80 82 81 98 29 17 19 81 82 49 92 83 35 91 94 83 80 51 73 54 79 72 97 52 86 90 19 71 24 39 87 77 85 10 95 80 9 42 57 51 98 16 26 39 
10 89 11 23 0 70 20 94 62 18 83 95 60 35 99 42 96 79 61 24 21 65 5 97 19 0 64 71 9 2 18 62 34 10 81 77 89 98 92 98 9 7 36 75 46 43 38 12 38 97 15 9 45 57 64 87 48 67 97 67 4 98 26 63 43 10 38 86 44 15 24 53 45 37 27 27 62 80 49 17 17 25 84 26 44 8 21 78 55 98 31 4 7 7 57 34 64 44 32 89 64 45 32 70 65 57 60 6 61 
9 68 51 52 61 0 64 71 15 95 52 98 68 28 21 78 71 59 74 51 80 30 19 49 78 57 23 97 16 47 11 12 11 43 89 27 69 63 47 92 25 72 73 70 91 31 71 28 83 40 78 41 46 49 3 0 37 58 90 63 71 63 49 80 10 80 22 84 34 12 65 25 50 13 99 27 8 57 45 36 75 6 1 32 88 52 52 21 2 16 96 7 71 5 85 12 81 71 95 87 53 75 86 55 27 30 71 8 87 
55 75 53 76 60 95 0 49 4 25 35 3 24 7 95 42 30 72 43 79 89 4 26 87 12 26 59 88 11 29 97 22 35 93 78 99 58 10 75 52 3 94 22 88 48 16 13 36 77 21 47 61 76 80 49 9 32 79 11 77 71 0 20 8 30 46 40 82 83 68 54 44 37 16 55 43 97 38 42 56 52 28 37 46 45 58 68 24 61 63 58 6 30 98 97 59 38 47 55 90 57 38 95 73 46 31 73 20 23 
21 75 79 75 97 45 94 0 49 42 49 74 23 81 44 96 93 43 48 95 52 0 66 39 68 5 39 85 30 31 64 31 67 17 64 24 94 63 56 89 71 16 98 91 70 39 69 57 67 72 28 95 33 1 21 29 27 0 98 29 81 11 76 68 8 59 21 96 36 23 80 47 64 1 31 28 82 15 77 99 28 68 54 23 55 30 40 52 10 72 88 87 59 20 38 15 78 54 73 58 47 13 47 48 11 48 25 12 18 
10 33 36 17 15 69 28 63 0 54 40 20 94 27 32 55 15 46 56 47 86 71 89 54 33 53 80 88 84 41 60 84 20 76 79 93 1 58 63 30 93 86 59 37 42 95 22 40 3 69 20 14 19 16 97 18 40 27 27 55 20 9 96 96 63 73 61 23 36 75 97 76 77 14 55 95 42 91 32 71 5 16 25 27 86 11 56 32 82 18 29 77 62 23 32 91 10 68 38 13 27 56 42 30 83 86 99 62 75 
68 28 60 91 9 3 15 82 71 0 47 64 60 3 96 27 95 23 65 62 78 62 58 54 22 89 24 5 98 22 83 39 9 5 30 89 15 70 82 36 80 25 65 75 87 74 66 19 58 73 27 12 80 87 37 4 35 60 92 1 16 9 47 16 10 46 72 97 94 84 98 71 55 88 47 28 85 91 69 6 8 86 97 73 90 91 32 5 9 67 17 41 87 0 39 50 84 71 52 78 96 6 32 64 43 20 41 88 2 
49 39 60 51 45 36 63 97 26 69 0 11 89 33 85 86 81 87 12 33 83 61 55 0 33 22 95 83 61 97 2 55 60 37 63 74 70 30 63 87 73 19 34 97 85 31 29 19 88 18 60 90 34 55 48 76 81 70 2 48 32 71 8 12 54 8 34 62 78 94 7 68 26 31 98 42 81 76 72 69 53 92 73 99 5 93 96 2 52 47 47 76 13 75 16 87 76 19 98 21 29 0 20 67 63 2 61 0 63 
24 84 11 48 62 98 21 25 63 11 97 0 34 33 42 17 75 21 5 81 25 77 97 20 79 52 38 27 2 52 35 78 34 63 58 50 53 0 59 41 89 62 68 13 99 19 17 96 90 67 33 30 15 64 13 37 15 42 80 93 90 4 53 12 11 5 69 21 56 22 81 37 74 85 0 63 66 23 57 25 71 51 41 45 60 33 40 58 53 35 30 96 58 51 37 50 76 39 26 41 49 87 34 59 55 16 58 83 28 
7 79 69 65 0 76 23 42 48 37 45 70 0 14 10 66 0 73 73 35 57 20 65 22 84 89 24 65 48 0 16 88 10 36 90 86 1 58 47 79 19 61 36 32 81 39 30 23 70 86 96 89 8 73 89 22 93 86 97 5 78 56 72 63 58 73 90 22 46 90 74 73 40 60 90 77 98 86 39 88 21 18 46 91 36 41 7 76 47 15 11 25 80 40 2 83 73 80 27 87 56 10 88 39 49 4 9 98 62 
68 52 61 57 52 23 25 2 96 95 6 4 0 0 93 71 43 44 67 89 39 11 25 63 92 21 6 98 74 14 71 29 37 28 22 85 14 49 95 63 80 14 32 57 22 88 88 14 62 77 7 12 24 31 4 28 25 36 92 61 79 58 47 36 53 67 37 72 64 29 11 61 2 63 95 20 22 84 34 5 37 6 98 81 40 8 57 28 68 77 77 90 47 87 85 62 28 95 20 19 7 56 9 87 91 92 28 79 28 
64 69 78 69 11 51 28 67 26 42 81 92 19 98 0 73 12 39 5 43 82 14 56 70 75 49 87 42 91 76 78 99 24 36 87 20 93 69 59 99 97 56 89 37 98 98 75 79 85 8 11 86 66 79 53 84 19 14 64 76 39 92 46 64 26 72 50 83 30 79 5 45 73 59 21 98 52 98 55 19 33 3 23 81 64 83 46 98 21 77 56 58 22 74 64 93 94 51 73 78 63 77 55 8 69 91 42 18 33 
92 59 26 81 72 94 75 89 77 88 43 31 23 99 64 0 28 8 75 35 24 66 92 3 36 11 2 68 11 52 45 44 94 39 39 8 42 2 31 8 96 61 31 48 79 95 22 90 2 62 8 85 20 89 28 41 26 66 77 14 64 25 16 40 33 60 18 12 98 55 98 40 54 63 26 0 19 50 79 88 15 42 35 0 98 56 63 68 33 29 30 18 5 15 37 21 74 25 81 10 78 57 39 82 86 32 86 60 92 
13 20 87 56 98 79 67 33 2 75 16 47 96 94 11 20 0 19 59 49 72 80 68 51 30 97 18 60 56 31 19 59 62 46 40 89 44 45 21 35 23 85 38 85 94 72 12 42 6 2 38 91 23 84 66 75 78 54 35 77 77 76 96 14 49 25 99 35 88 87 85 88 90 31 66 83 94 3 53 30 51 27 42 43 72 66 32 57 93 2 11 33 72 95 22 25 1 64 21 10 42 17 78 36 19 36 30 50 94 
63 89 27 59 92 15 73 18 13 29 54 81 39 40 68 6 21 0 73 71 34 97 78 8 5 98 17 54 78 50 23 18 86 64 0 15 57 55 65 25 45 21 22 81 5 90 28 78 62 5 92 32 12 37 91 43 91 30 61 80 11 87 99 47 71 72 13 23 99 70 49 79 90 82 23 95 4 35 30 4 44 19 0 17 74 0 14 65 20 70 63 58 26 45 52 97 84 61 48 54 48 33 2 95 65 21 44 3 52 
17 26 20 33 76 61 74 90 34 49 84 28 48 39 49 99 38 16 0 92 49 95 59 81 7 22 4 97 85 29 4 42 23 18 65 83 48 31 78 86 66 62 31 26 40 14 69 93 34 38 69 96 55 76 76 75 78 27 27 45 14 98 96 51 42 12 21 9 22 20 16 65 60 13 40 65 56 76 88 65 83 91 2 98 98 98 96 2 19 65 39 47 88 92 11 3 33 52 88 50 50 63 86 44 98 87 57 43 50 
4 29 58 57 27 35 56 48 84 26 50 87 64 40 63 28 88 55 57 0 52 17 24 26 24 57 89 27 29 44 16 38 16 56 55 95 18 3 5 47 15 22 19 56 58 56 27 45 62 29 85 74 43 49 35 90 1 85 13 69 1 36 27 49 30 87 27 61 64 91 2 23 31 25 71 11 64 4 18 61 96 55 0 54 2 98 24 44 56 23 66 35 66 98 28 15 23 94 33 51 68 95 24 81 19 4 49 4 77 
33 59 27 4 71 26 32 65 21 4 1 34 48 39 16 56 55 57 6 47 0 0 41 86 91 10 78 87 31 11 42 95 21 87 65 0 2 4 68 60 20 14 97 94 14 50 57 37 91 79 21 93 67 73 6 77 75 73 4 2 8 98 86 87 52 14 56 38 45 18 69 83 86 65 85 73 28 11 79 25 54 94 12 84 62 65 16 17 81 92 46 87 57 78 16 24 73 94 37 34 57 73 62 53 57 97 58 4 5 
7 66 13 63 3 43 14 5 56 41 33 93 19 92 32 67 78 37 28 6 14 0 54 89 95 78 91 85 75 3 6 17 53 1 58 4 36 11 56 25 95 75 51 46 11 66 59 35 73 26 24 72 85 51 65 29 26 40 23 20 65 51 4 90 30 96 55 71 11 54 69 60 16 41 11 39 30 36 53 90 67 87 95 90 92 65 68 11 7 71 43 13 92 21 0 33 46 3 24 22 30 0 45 99 5 67 84 65 52 
30 76 39 22 84 8 78 85 28 57 20 21 76 15 65 90 4 91 72 97 27 21 0 40 94 77 84 50 1 20 11 88 16 52 99 76 33 57 35 63 17 55 75 46 57 2 39 59 8 98 59 69 46 98 96 5 59 88 54 97 33 32 52 39 25 82 86 7 93 31 5 86 80 19 3 7 9 25 26 84 30 41 38 46 77 79 43 30 93 14 31 44 8 51 2 22 4 59 85 79 25 40 30 90 58 77 95 69 20 
89 68 87 0 69 87 50 39 86 99 19 16 31 44 11 95 5 18 86 86 32 20 47 0 17 34 38 28 47 6 88 38 83 43 75 89 93 12 97 12 31 8 95 7 12 79 19 30 72 71 68 75 25 29 8 29 34 44 60 24 79 37 87 56 40 14 97 81 31 29 23 62 61 84 88 75 33 37 18 1 62 16 47 72 54 62 52 84 3 3 9 92 73 20 35 25 95 98 34 20 36 7 74 75 6 34 94 26 43 
15 48 44 6 81 64 10 17 31 32 31 29 50 9 91 43 88 80 84 23 72 68 46 86 0 15 23 23 82 87 72 44 85 83 57 48 82 92 47 16 30 63 76 48 67 37 27 91 19 77 86 60 44 79 72 30 55 88 67 57 31 65 3 31 33 81 41 31 66 63 59 87 89 27 8 2 85 64 52 64 75 15 25 19 79 39 17 24 20 84 13 23 72 30 91 48 93 15 49 50 25 34 89 50 85 11 88 13 84 
64 27 83 89 26 66 52 39 76 41 37 86 25 76 64 38 18 7 10 74 63 43 1 19 23 0 61 90 88 3 28 9 8 16 69 60 46 21 0 99 96 19 57 69 67 88 27 28 11 35 76 27 88 47 9 44 77 52 10 66 68 98 1 50 99 68 10 30 19 89 54 67 19 71 93 75 20 69 11 71 31 11 86 27 63 56 78 4 82 64 25 59 91 54 74 0 23 85 13 22 50 10 50 86 55 64 12 39 13 
8 53 1 92 97 56 19 51 73 78 39 70 11 61 92 11 69 31 59 52 42 4 99 63 95 55 0 95 29 74 55 18 89 52 18 74 33 70 11 98 48 13 73 11 66 50 68 90 34 76 80 63 41 15 44 1 72 46 58 82 28 58 78 96 82 51 96 70 43 93 82 57 98 55 67 98 2 92 44 9 14 78 93 32 62 48 16 26 16 61 5 55 17 59 56 68 63 99 21 93 84 30 51 96 65 8 45 69 40 
21 41 52 36 33 75 74 68 26 82 75 43 49 62 54 19 58 34 79 95 80 40 31 60 5 68 18 0 92 48 34 53 78 14 16 11 28 7 20 61 78 88 23 11 76 22 71 47 46 65 35 44 32 80 25 48 57 74 33 99 69 47 93 60 0 21 17 51 6 81 62 93 84 54 54 83 77 87 98 74 39 2 76 16 56 21 37 32 98 2 83 84 54 68 96 64 17 16 68 96 57 90 32 90 91 44 52 2 32 
94 22 79 53 0 93 95 52 16 26 39 88 76 42 85 89 16 63 23 5 39 44 29 87 48 30 76 99 0 83 25 86 46 49 4 70 12 32 58 31 4 17 98 70 41 41 78 33 60 47 92 59 21 8 98 95 27 13 16 84 6 82 88 55 60 0 10 87 93 89 22 67 4 60 43 55 9 36 90 89 32 65 12 91 28 5 61 53 92 86 26 52 91 50 30 14 8 5 65 42 96 63 42 81 76 69 55 31 14 
17 87 72 61 66 64 66 47 81 62 39 56 59 89 5 87 97 87 6 79 43 10 3 76 26 85 97 92 3 0 1 63 55 8 88 26 19 81 3 90 9 73 69 31 17 32 71 8 32 25 14 64 93 61 68 83 37 51 68 36 24 55 82 13 65 33 34 45 14 39 40 22 98 28 81 74 96 84 46 15 37 57 4 0 33 44 39 36 19 20 71 46 0 53 92 98 82 73 61 34 66 84 45 50 31 82 72 91 61 
24 65 91 71 26 53 69 57 40 59 79 35 68 38 38 3 56 73 59 22 99 29 44 30 79 2 89 87 71 7 0 88 36 36 44 25 81 74 84 36 12 60 8 16 81 16 48 12 59 10 27 94 84 84 77 61 80 98 57 21 11 11 29 57 1 48 92 19 72 23 10 56 53 57 11 96 24 54 41 65 74 89 44 85 88 54 22 45 70 47 32 89 90 27 8 55 12 8 75 19 27 13 11 73 6 48 18 57 76 
93 91 9 69 62 23 18 43 55 35 81 30 11 33 29 36 70 65 9 53 27 23 11 74 38 34 64 1 90 87 9 0 41 69 80 7 57 68 84 95 68 46 29 96 78 90 14 37 38 53 11 48 35 34 82 81 58 40 28 57 63 42 97 18 36 47 61 88 4 97 88 98 75 88 36 63 15 64 86 49 83 79 51 36 12 37 62 67 2 10 44 11 85 19 4 13 5 17 21 7 59 63 85 93 57 88 27 70 94 
80 97 53 96 68 61 96 82 60 6 39 27 65 64 43 17 48 52 99 51 46 61 93 54 71 77 82 98 94 31 16 57 0 43 40 33 84 36 36 64 83 78 35 24 56 83 49 88 48 66 86 82 2 67 29 9 60 69 15 55 28 50 52 33 68 65 29 77 71 43 41 21 97 72 11 29 73 14 70 95 6 57 0 76 51 78 96 16 47 89 46 79 5 37 22 19 97 50 34 81 18 58 4 99 61 6 87 60 91 
94 57 60 66 76 44 52 85 14 59 30 14 6 17 81 45 98 48 71 47 81 93 1 84 4 4 81 99 40 84 52 93 81 0 23 94 86 49 41 13 80 47 86 17 36 45 93 51 11 29 86 3 6 7 8 21 50 98 38 16 79 90 9 36 92 21 20 25 77 70 15 89 89 65 12 84 99 18 71 92 31 10 58 35 13 88 14 5 43 78 14 23 17 67 62 10 79 93 99 50 78 88 2 31 95 93 10 9 77 
93 36 76 98 2 98 2 14 4 28 13 0 46 91 23 57 12 11 65 71 66 73 96 59 50 10 78 7 78 47 68 51 30 63 0 39 55 88 50 93 87 7 24 18 84 22 10 51 75 9 12 57 62 30 33 96 2 62 0 92 72 9 57 54 90 52 19 68 31 77 88 59 45 40 84 10 63 12 27 40 30 98 18 22 11 23 96 34 44 86 26 96 27 84 66 75 48 80 11 93 29 47 26 93 60 16 34 30 74 
14 21 57 40 10 48 96 35 61 78 25 45 31 2 42 70 33 74 22 82 50 28 13 89 12 72 50 69 83 48 26 36 71 21 35 0 31 55 73 3 52 78 39 50 85 85 75 73 80 27 47 96 4 6 23 32 8 63 67 3 6 73 85 79 85 39 98 69 93 83 59 99 66 96 98 96 24 4 61 23 26 99 2 60 17 63 65 18 53 49 3 72 7 90 53 27 30 11 25 68 84 55 9 56 52 54 43 67 74 
19 60 7 59 84 10 54 79 98 44 91 69 24 84 36 94 97 49 88 14 58 62 0 49 22 76 90 38 48 84 57 35 67 65 93 32 0 46 1 32 65 71 34 63 55 30 21 39 22 39 71 32 14 8 45 8 4 66 22 9 97 43 3 7 90 48 2 81 91 17 24 99 62 14 82 26 43 55 27 66 79 44 85 17 77 22 61 16 1 65 61 45 4 2 29 28 25 78 33 51 7 2 7 54 48 39 56 81 46 
21 22 93 84 39 66 13 52 90 23 53 84 56 19 78 39 25 17 13 98 37 69 63 73 72 37 51 49 97 40 54 59 50 5 95 31 26 0 82 38 66 18 34 71 69 27 50 84 39 5 24 89 35 68 94 41 4 11 83 14 70 81 67 86 75 5 37 68 90 67 45 82 79 94 96 25 15 97 21 75 88 60 6 6 22 56 24 1 81 7 28 64 91 75 60 77 5 71 33 21 58 15 39 7 56 52 54 47 12 
39 80 56 72 64 62 48 36 65 8 59 7 41 53 88 84 71 6 23 21 86 27 42 15 10 36 67 0 6 3 55 31 93 76 85 10 57 53 0 4 61 59 52 43 22 16 94 67 5 56 35 49 44 0 24 94 61 27 73 12 0 75 61 62 59 3 87 55 63 9 91 97 93 73 70 22 59 96 27 25 42 91 98 81 5 49 43 74 88 36 77 17 3 88 13 58 21 9 99 7 53 22 99 88 40 72 77 54 65 
30 83 89 3 96 28 32 5 67 54 57 24 59 88 77 49 40 74 35 41 10 19 79 67 15 54 61 90 12 13 96 77 37 2 35 96 63 59 59 0 99 84 86 60 37 97 2 6 27 99 17 57 56 32 7 44 74 5 48 3 55 89 42 16 34 13 10 68 68 16 96 32 23 79 30 22 47 93 91 27 80 45 18 14 52 17 11 71 77 35 24 75 59 82 76 47 24 74 77 12 65 14 12 1 2 36 92 16 77 
33 7 68 53 38 77 53 2 61 23 74 29 81 91 96 49 93 71 71 0 49 60 18 13 54 58 36 48 64 97 90 69 63 51 17 89 31 45 32 53 0 90 20 99 69 7 57 98 74 24 84 1 85 17 74 46 17 84 10 95 35 50 76 10 33 0 78 66 96 3 82 51 35 58 48 28 85 10 89 35 75 64 82 42 48 50 36 54 33 4 24 12 69 34 3 3 14 76 83 22 83 91 82 91 59 10 73 35 66 
8 56 92 22 53 97 56 16 37 14 59 10 78 73 37 86 33 87 55 57 98 60 7 65 98 43 95 88 2 38 14 35 8 73 35 0 38 53 5 5 77 0 23 76 86 37 39 80 93 6 47 38 52 12 84 8 23 36 94 4 64 38 31 95 57 83 2 88 65 48 58 75 96 42 80 98 42 90 48 91 34 89 24 21 20 24 24 93 44 65 6 14 25 65 0 33 23 71 45 99 53 35 12 76 24 20 73 32 21 
77 6 88 98 74 30 32 57 71 42 22 68 89 96 60 56 93 5 47 45 79 90 42 76 71 24 74 2 64 69 52 73 81 19 33 16 98 24 66 62 21 56 0 0 64 29 76 91 74 4 43 79 44 19 6 60 90 40 97 71 85 89 45 26 29 36 31 53 85 71 51 4 45 89 89 49 99 28 93 66 77 98 5 84 31 44 85 39 35 69 34 29 37 11 65 11 12 28 32 0 75 32 91 9 1 8 45 10 58 
99 16 77 14 93 43 69 99 56 87 7 70 11 57 62 11 31 8 98 60 66 35 65 45 70 55 98 69 14 4 79 96 44 65 14 41 31 77 48 43 86 35 57 0 41 62 70 53 27 28 23 8 87 78 85 86 9 3 68 34 11 15 58 60 25 29 31 94 97 54 31 36 4 79 98 48 98 30 31 61 95 34 58 13 86 27 73 98 11 2 46 42 21 3 19 89 74 70 35 88 84 91 69 81 84 1 47 57 34 
90 93 24 21 73 24 16 73 19 82 77 83 7 44 1 56 25 96 7 95 9 0 61 57 13 31 19 82 67 83 60 82 44 41 97 81 26 46 13 45 8 10 43 30 0 39 55 8 1 14 64 84 98 52 84 52 63 35 54 74 55 61 34 80 28 14 78 32 74 12 28 1 48 11 97 36 60 1 39 14 46 78 46 93 61 42 85 31 48 48 13 82 49 15 44 26 89 33 84 85 20 3 21 32 82 15 85 52 39 
97 91 92 52 33 88 43 88 15 75 38 62 57 16 95 64 6 60 41 1 32 87 35 16 3 50 49 69 90 0 83 90 55 48 13 91 59 54 44 42 56 83 94 34 26 0 15 85 23 1 75 14 28 25 99 72 33 97 86 25 72 86 96 81 26 88 74 62 50 95 34 57 3 60 65 54 32 50 54 8 78 57 8 8 69 70 17 83 47 76 95 43 71 60 91 30 13 27 92 67 31 62 61 7 76 67 21 31 5 
23 66 24 86 88 52 39 46 96 43 28 35 41 62 56 25 28 88 14 71 44 59 55 9 72 32 32 32 38 50 53 15 27 81 81 6 96 55 85 46 62 59 99 57 2 6 0 63 23 77 63 77 18 32 46 82 75 4 6 14 4 59 69 47 86 91 37 87 18 20 56 16 72 62 28 76 23 45 69 53 90 73 28 35 85 46 51 41 55 84 95 11 51 36 85 9 56 43 9 78 23 49 20 0 78 70 6 71 80 
73 76 1 36 74 60 20 29 30 55 32 47 70 23 57 97 25 12 49 32 98 89 2 97 54 79 94 38 91 69 0 81 7 10 16 42 93 6 81 24 72 5 66 0 3 6 94 0 27 80 23 16 65 89 81 44 42 79 8 69 49 41 97 16 84 70 69 65 52 57 49 76 90 85 43 36 50 99 73 24 60 19 5 52 65 73 97 78 89 64 68 82 99 80 99 53 84 98 42 53 98 68 79 74 6 60 58 73 93 
97 62 94 64 85 4 37 90 95 22 17 91 6 31 13 80 91 57 92 14 7 0 84 28 64 23 63 64 21 6 10 37 99 79 99 36 75 53 90 30 66 22 77 26 68 16 69 88 0 44 93 37 85 46 25 69 34 86 66 8 44 21 14 26 22 55 3 29 84 32 63 80 59 53 91 39 77 78 76 38 11 57 98 44 98 69 98 36 99 34 34 55 52 7 87 22 60 14 62 67 35 32 39 86 74 27 60 81 37 
4 71 65 57 6 12 94 92 67 10 10 29 31 4 66 1 27 88 9 79 91 32 97 25 3 53 21 79 85 17 53 37 3 8 82 21 85 96 89 15 97 50 15 87 39 25 75 73 45 0 6 24 54 68 18 95 66 77 40 45 74 30 95 37 38 18 64 0 93 76 40 54 28 1 78 38 8 16 16 59 83 6 73 22 99 23 10 0 75 31 74 0 3 0 32 75 63 5 19 19 91 16 66 70 82 34 33 56 85 
83 45 91 48 13 52 32 60 45 22 62 80 0 32 45 74 85 10 97 32 25 32 89 4 57 9 99 38 76 1 48 58 84 56 41 75 46 20 6 51 34 5 48 84 53 69 30 54 34 63 0 73 42 85 32 35 53 59 8 90 95 96 47 7 99 50 98 27 52 93 89 18 50 17 79 10 91 9 15 55 9 91 81 45 40 21 27 56 52 97 17 92 69 72 46 72 93 18 85 60 12 75 63 59 38 24 60 44 61 
36 82 57 65 28 99 11 55 81 44 5 10 85 20 35 33 91 64 88 1 37 31 79 35 39 25 83 3 1 4 6 83 50 4 64 64 56 58 57 18 22 8 73 59 29 75 69 3 58 13 18 0 42 80 98 94 35 38 23 99 73 57 75 72 37 15 75 99 80 45 64 9 85 27 58 85 31 81 8 72 81 55 87 39 95 74 64 8 43 70 39 18 24 99 50 62 62 68 79 50 54 93 70 50 9 96 31 60 70 
87 41 30 61 33 76 90 60 89 29 92 96 85 79 88 59 77 96 60 10 88 14 31 18 25 53 12 97 86 87 76 35 73 16 58 67 12 72 48 52 27 59 72 56 70 79 42 36 89 17 78 90 0 92 6 3 84 52 52 70 42 28 74 1 36 33 0 63 18 80 37 17 17 70 99 27 22 2 77 80 82 40 9 37 97 70 63 0 48 83 27 10 19 62 15 40 63 5 33 7 90 30 69 84 97 2 6 9 3 
4 19 57 20 2 92 83 51 4 95 66 38 3 62 23 57 28 27 73 2 41 28 73 24 97 88 93 89 25 47 5 10 4 77 22 59 47 23 73 9 74 40 84 82 74 85 49 38 31 85 31 87 79 0 39 24 47 98 11 37 9 69 81 85 60 94 21 50 48 14 92 47 26 82 10 23 63 84 37 80 73 18 10 66 51 97 36 54 95 59 46 72 85 59 2 4 68 91 53 22 25 0 81 58 63 42 30 27 19 
75 21 24 27 73 30 91 3 68 70 6 89 6 33 37 5 87 58 42 86 62 65 66 27 57 77 8 23 21 56 26 48 61 32 29 46 25 49 14 93 8 17 12 64 30 43 96 1 65 87 55 19 31 47 0 76 42 25 20 26 95 91 88 31 72 79 24 3 98 72 26 10 25 25 65 44 9 68 37 62 49 56 35 47 18 22 57 51 66 99 26 57 26 49 45 4 65 1 56 62 66 80 38 80 61 38 6 18 43 
63 27 11 77 26 24 6 80 20 3 61 11 85 3 99 40 78 8 13 76 95 25 10 54 77 60 39 44 72 44 37 79 55 88 86 56 21 24 36 8 60 10 86 56 17 64 85 2 42 77 15 77 8 37 7 0 23 41 65 96 82 27 64 79 0 68 33 12 64 29 6 73 86 6 50 35 67 80 51 88 19 14 99 70 44 65 50 13 84 26 61 74 50 43 77 47 18 43 45 16 47 44 54 53 3 47 87 16 98 
45 10 46 83 44 19 81 21 74 66 76 41 24 43 2 6 11 58 93 38 91 57 43 27 92 24 33 98 74 96 12 3 50 64 69 3 6 44 64 60 47 99 88 23 81 80 7 16 33 89 66 55 96 93 1 58 0 86 85 79 12 87 66 3 56 45 93 28 91 24 19 8 68 83 16 37 74 87 56 90 89 67 14 88 65 18 9 64 73 2 24 0 48 34 49 83 50 87 13 2 69 0 40 57 43 8 85 32 28 
77 54 78 46 74 59 44 5 6 48 55 80 48 80 72 50 64 88 77 26 8 17 37 40 12 11 62 39 44 91 23 52 99 19 24 13 49 78 38 91 75 99 28 83 19 99 48 75 84 88 59 22 63 47 83 33 47 0 39 80 26 68 80 43 59 90 15 40 31 10 97 2 25 69 49 91 90 33 4 86 42 10 64 21 99 9 49 6 46 78 89 98 2 59 14 36 55 93 93 61 72 19 94 44 6 93 19 21 13 
32 32 51 40 35 93 78 60 23 54 41 39 16 52 85 40 31 24 71 39 0 62 51 23 97 16 68 19 54 61 70 15 17 13 84 84 81 39 43 59 90 70 44 50 53 49 64 96 98 26 86 96 7 38 91 34 96 43 0 19 74 0 67 65 98 95 52 35 43 83 62 72 23 85 89 6 70 85 28 36 74 1 0 67 5 87 16 61 24 51 87 19 47 44 76 2 44 75 82 33 19 94 81 87 23 23 76 13 48 
72 96 16 10 32 74 8 59 71 29 92 4 28 85 41 76 56 36 26 91 62 54 7 59 68 52 35 49 3 21 48 50 39 22 53 84 86 72 59 85 20 61 72 72 73 27 86 16 30 89 21 9 38 24 43 84 32 61 34 0 19 78 54 19 96 85 46 83 32 76 51 90 3 16 47 31 50 51 31 20 32 66 77 6 23 79 40 55 80 70 18 84 11 4 82 58 40 75 60 9 66 47 82 23 90 77 56 58 7 
25 48 85 74 34 41 74 77 31 27 77 55 58 24 26 39 20 69 53 13 60 59 15 1 60 5 52 85 86 24 56 88 89 66 67 22 96 0 68 87 16 51 23 36 93 94 92 16 68 31 56 20 32 71 54 47 6 64 87 5 0 20 78 94 95 81 53 88 15 75 3 57 53 15 62 76 63 42 93 53 94 86 60 59 11 19 30 70 38 44 43 54 89 73 43 75 1 50 82 94 17 55 18 96 55 80 90 83 93 
81 93 73 77 87 85 14 86 61 34 98 43 93 62 35 57 71 46 57 58 72 11 79 96 61 48 30 49 55 93 42 21 99 65 5 9 62 48 53 76 79 79 42 66 6 82 5 62 62 77 4 37 38 34 5 46 92 82 7 99 3 0 31 80 12 83 22 45 42 77 63 24 33 48 39 95 16 75 22 72 36 20 85 73 68 14 90 2 76 92 72 93 64 69 10 33 21 41 36 20 79 90 57 7 57 5 28 65 15 
39 69 35 33 75 53 87 50 22 99 64 92 94 89 83 30 53 7 76 68 46 50 35 90 58 30 54 18 92 86 7 47 64 33 52 79 34 83 99 14 31 97 37 49 69 22 55 23 83 7 27 26 96 21 21 5 65 2 57 49 23 67 0 18 74 68 62 46 66 1 16 25 77 81 4 28 32 17 43 5 36 87 4 29 94 89 5 23 38 95 78 93 64 54 56 69 39 32 54 89 29 29 23 44 20 7 37 33 16 
18 55 94 85 60 44 90 36 81 21 88 23 71 88 52 86 7 0 61 62 11 62 41 0 69 74 0 61 2 11 75 13 61 83 10 66 87 74 10 61 50 62 61 1 46 34 71 0 76 61 21 50 47 15 90 31 9 74 70 77 34 81 52 0 88 37 86 8 7 20 11 61 25 38 92 21 4 96 63 83 53 60 88 62 61 26 84 4 88 46 78 90 44 91 69 63 13 14 38 53 20 42 45 51 94 8 66 9 88 
81 19 42 42 35 45 44 25 57 73 90 20 63 88 47 90 37 46 76 82 32 72 92 29 95 46 0 19 45 53 28 73 0 90 73 61 22 19 46 67 4 62 67 5 32 53 26 11 95 29 91 93 12 67 85 18 49 16 92 1 64 45 63 31 0 63 96 69 61 56 7 28 55 47 51 32 54 25 72 22 95 47 92 80 58 45 93 14 6 77 33 95 54 21 33 78 73 4 94 20 27 37 84 15 85 81 32 2 60 
43 90 16 21 94 61 79 88 56 27 44 71 79 92 53 90 40 54 76 49 27 79 84 78 70 84 78 33 7 50 1 6 5 59 3 67 3 30 12 75 71 97 18 23 2 49 42 39 61 92 1 70 82 90 59 79 29 61 67 11 57 32 13 89 23 0 66 40 71 1 1 3 28 40 62 5 16 8 56 58 76 85 30 2 15 52 69 7 68 16 47 51 91 59 26 90 35 65 4 2 19 3 33 88 14 42 67 28 56 
15 86 17 38 23 49 71 77 68 63 86 56 99 15 76 61 88 44 60 27 56 53 98 45 14 98 99 2 2 35 49 60 96 17 75 39 4 40 3 93 3 45 70 80 80 53 50 72 54 70 15 55 79 36 43 34 74 77 4 59 91 35 24 52 27 11 0 81 51 27 28 87 45 36 73 41 43 17 21 8 62 31 20 76 87 7 10 14 6 55 28 27 61 81 35 86 4 43 23 25 41 72 17 14 62 25 61 13 54 
5 22 23 57 20 67 97 71 82 67 83 41 0 77 4 41 52 79 22 76 73 77 88 73 19 19 65 64 28 47 69 40 53 32 66 14 52 61 3 8 90 74 33 87 98 63 95 2 29 98 49 52 5 25 87 60 56 89 63 51 82 17 41 73 60 61 86 0 94 81 92 55 34 6 24 84 20 69 2 13 93 38 56 71 11 23 8 56 53 56 80 9 14 99 78 8 26 94 19 26 11 5 59 3 47 7 73 33 80 
73 66 56 5 94 75 91 3 19 12 88 92 46 35 82 79 51 87 80 70 35 19 7 66 89 2 65 93 55 92 80 46 82 31 77 22 38 81 10 70 24 71 56 78 39 83 75 13 29 82 40 58 35 72 16 71 61 98 55 20 84 98 0 64 75 38 97 25 0 72 39 7 2 83 12 90 50 1 96 39 11 95 61 76 77 75 27 90 90 12 5 70 27 66 11 54 36 5 53 34 41 3 80 90 89 36 51 48 61 
10 6 63 23 99 70 0 51 94 64 68 30 64 77 43 54 79 30 73 80 36 30 61 67 59 77 5 40 27 40 84 42 62 96 75 83 42 91 16 73 57 98 87 97 43 72 29 78 61 92 85 2 28 44 19 14 25 90 61 59 47 91 4 38 31 78 58 32 11 0 31 96 2 67 78 35 54 82 88 87 6 47 45 84 71 72 23 30 2 15 58 97 46 54 25 71 99 59 26 8 66 63 66 99 15 44 72 63 80 
60 88 39 55 22 0 67 79 77 31 8 8 96 2 66 29 94 41 16 88 97 10 94 41 55 84 59 3 56 95 3 56 87 8 99 96 25 66 33 34 75 61 99 11 53 74 55 52 32 46 29 30 61 55 8 85 92 38 48 42 27 44 81 35 65 85 9 85 32 38 0 0 4 98 59 9 16 8 21 97 83 83 78 96 8 84 64 77 58 45 87 68 81 22 95 42 31 91 1 84 47 63 38 52 85 26 51 36 86 
80 60 23 5 77 72 3 19 17 34 13 52 33 6 32 44 32 39 36 73 61 70 67 50 22 52 54 21 54 28 70 89 49 87 71 60 48 77 9 1 48 57 70 62 59 97 88 97 26 17 43 97 38 43 80 88 46 12 57 43 71 26 2 38 55 21 49 22 53 19 22 0 5 5 16 33 98 28 83 20 90 62 73 70 11 76 28 50 59 78 43 38 77 17 29 99 32 15 67 54 49 56 4 38 36 37 8 85 38 
68 77 68 3 50 90 90 7 21 45 33 31 99 37 33 57 8 77 59 24 60 33 14 71 92 26 48 9 15 5 43 96 18 45 32 71 34 37 38 44 62 30 93 15 23 2 85 56 63 7 1 57 91 46 76 97 14 63 10 1 24 62 6 94 76 73 1 62 76 22 75 68 0 51 0 2 39 20 29 14 79 84 81 37 92 22 79 44 43 59 82 11 83 74 48 55 17 32 75 53 45 6 36 32 10 83 13 35 7 
46 94 85 60 69 21 62 56 27 40 15 69 72 20 23 91 39 19 49 85 35 81 45 39 75 44 42 73 95 79 26 29 27 79 42 56 15 6 54 73 69 40 77 11 0 31 54 22 42 42 54 18 49 42 62 68 75 62 84 94 11 61 38 6 1 10 52 3 85 88 76 28 53 0 16 89 89 54 68 96 39 32 26 2 56 17 22 14 97 15 33 83 46 23 63 39 72 59 44 20 81 49 75 8 48 86 47 28 39 
45 68 25 79 79 22 70 27 36 14 34 14 46 42 63 59 67 6 25 78 77 88 93 17 73 20 42 77 32 87 81 16 66 26 81 25 21 84 73 75 95 76 27 1 20 80 51 46 18 64 69 13 44 43 52 65 62 37 34 72 71 49 41 54 13 18 60 97 54 38 52 63 39 66 0 31 8 86 93 95 35 49 31 61 0 63 33 88 84 36 76 72 72 88 48 31 63 21 80 34 36 88 16 55 21 39 75 12 47 
6 34 80 50 52 13 74 52 26 21 18 1 6 12 56 66 34 94 36 81 91 68 40 65 89 3 25 43 73 63 28 1 26 46 50 18 63 8 72 15 38 60 33 13 37 93 10 61 49 44 55 6 20 15 92 49 52 95 87 83 35 58 85 50 18 99 80 17 18 27 23 80 17 58 82 0 77 70 27 78 62 77 66 25 91 30 55 51 67 46 64 20 63 99 96 46 67 4 18 75 90 0 78 3 9 65 55 48 39 
62 54 64 52 35 39 57 16 97 70 81 7 33 93 48 68 37 61 38 79 82 50 30 52 26 14 5 94 42 10 52 0 52 51 60 71 62 39 88 17 35 39 22 6 87 67 13 2 95 94 79 39 15 24 6 37 60 41 59 91 14 23 2 28 46 45 10 64 86 52 66 54 74 94 71 95 0 60 81 4 85 71 86 80 78 24 60 42 51 73 65 70 61 15 60 13 91 54 47 79 58 72 8 18 71 87 59 2 35 
2 52 36 17 54 33 68 4 48 66 35 91 51 81 43 4 24 31 85 5 74 99 33 26 27 60 84 15 82 91 92 29 47 4 66 22 20 99 53 86 51 33 80 21 60 37 88 46 62 16 51 38 70 77 37 75 47 43 65 32 66 72 30 62 82 49 85 67 29 16 2 47 61 66 90 37 33 0 33 14 74 44 41 63 37 36 75 67 5 61 50 41 12 97 84 82 48 91 50 66 54 36 48 7 72 34 64 56 71 
74 9 50 9 66 43 68 8 10 90 44 17 75 53 7 45 93 50 34 94 75 32 56 93 3 12 11 32 79 92 27 19 50 13 2 89 32 61 27 73 41 83 10 78 63 47 72 89 83 46 16 5 61 58 85 50 64 30 32 79 23 94 22 5 39 6 48 1 75 89 91 77 21 45 47 85 1 30 0 27 29 23 84 26 24 81 61 33 15 59 12 97 10 59 1 86 20 39 35 50 90 17 16 65 17 50 84 85 37 
3 51 89 25 92 80 34 8 76 9 9 1 18 21 58 88 98 38 91 18 35 72 66 47 69 86 44 23 16 28 45 10 99 13 49 57 15 63 18 47 89 53 45 28 87 97 43 34 60 5 12 53 94 1 43 65 72 74 49 80 74 89 32 37 64 30 44 77 0 36 49 48 24 10 84 56 39 85 20 0 39 61 29 45 87 6 66 76 67 32 5 39 24 85 95 40 89 46 26 45 33 63 90 10 24 45 92 22 33 
66 11 89 91 25 83 31 6 97 35 75 10 48 79 19 83 73 35 47 19 82 31 21 61 24 7 87 14 97 11 40 75 96 21 70 67 25 15 38 83 4 13 47 64 60 31 28 73 49 72 80 90 23 15 99 48 74 2 71 27 59 30 42 62 97 54 91 86 28 64 45 10 63 23 63 56 77 14 55 45 0 23 13 42 91 97 58 68 20 23 24 85 90 59 49 79 81 60 93 77 97 59 19 37 79 94 80 77 91 
1 47 15 65 93 60 19 64 21 98 32 35 72 3 91 15 5 74 4 70 18 89 38 59 44 24 89 22 36 2 88 51 83 59 81 43 8 61 18 76 14 53 77 19 8 81 48 59 94 19 20 52 87 63 19 9 61 70 82 59 98 97 80 60 32 78 33 81 95 26 58 16 52 39 90 46 74 52 56 17 49 0 64 96 94 50 48 88 29 54 42 95 2 64 31 17 21 2 72 58 81 4 72 41 66 27 46 33 5 
61 94 71 57 42 23 7 41 65 89 89 2 89 92 21 22 30 1 79 30 84 96 28 32 29 72 22 54 44 23 55 84 94 42 21 80 30 26 2 21 54 76 91 53 96 23 27 17 75 56 33 64 22 75 72 82 87 17 49 87 70 13 15 19 13 65 26 18 88 61 36 38 26 27 80 89 94 0 82 85 28 95 0 29 38 88 52 18 0 78 51 17 21 77 98 53 10 54 37 98 22 48 33 86 20 85 57 73 83 
3 23 73 64 69 54 90 36 79 64 45 27 54 18 44 41 93 99 22 73 92 3 5 40 54 26 40 75 62 67 63 89 32 71 37 16 6 13 32 67 78 51 46 82 58 70 41 34 87 32 82 40 16 92 11 60 87 32 36 83 82 75 24 6 16 5 46 34 71 20 51 38 26 16 52 20 95 47 76 41 2 8 12 0 98 30 75 32 11 82 50 29 8 13 54 82 35 71 60 99 94 59 99 80 58 13 48 68 13 
1 18 65 32 95 72 53 81 66 68 16 37 71 25 9 85 99 25 55 75 54 81 60 64 51 95 29 6 41 23 61 52 0 34 20 70 64 47 40 95 88 43 35 61 95 81 13 44 64 95 77 3 31 0 10 80 87 3 55 87 97 69 28 43 16 7 17 37 79 35 42 57 67 64 21 23 9 77 52 47 63 52 6 18 0 4 1 53 74 3 27 34 84 34 77 60 44 8 85 72 57 55 33 70 4 28 92 82 83 
45 62 14 4 50 60 44 92 13 43 68 2 35 31 38 65 35 11 22 24 37 16 37 90 25 88 5 18 19 65 86 70 79 15 36 21 86 23 45 2 64 63 83 43 30 59 15 39 28 73 85 40 23 56 56 1 8 74 95 32 68 97 22 44 8 22 58 71 30 66 35 71 59 28 32 95 33 11 42 89 25 49 98 70 5 0 58 89 70 76 12 7 90 98 99 68 84 51 72 91 86 49 55 41 16 49 27 36 80 
60 32 69 99 79 31 25 63 45 12 97 67 21 1 21 44 83 67 49 14 4 80 68 30 22 96 94 92 23 60 82 11 67 36 37 62 89 65 93 7 9 8 42 71 60 58 58 53 21 57 94 59 96 4 12 99 30 8 28 7 28 15 43 61 53 89 43 58 51 17 10 45 70 69 1 47 95 11 66 23 80 98 77 94 78 25 0 28 41 1 63 26 10 36 43 38 92 95 42 13 17 41 15 69 75 76 83 2 85 
17 88 72 33 26 76 79 71 18 2 75 63 23 25 71 88 35 24 52 37 85 63 44 34 96 29 2 52 90 71 54 24 11 84 12 78 25 81 65 91 28 77 2 99 51 50 61 25 57 32 56 96 35 64 85 22 87 1 56 95 94 99 71 57 95 7 71 36 11 36 77 93 13 47 68 67 86 23 47 98 43 25 88 88 89 94 50 0 87 62 63 60 34 14 21 74 60 32 55 37 85 41 37 21 6 64 95 22 93 
44 7 57 67 32 52 24 3 10 68 69 73 74 44 25 91 75 27 52 99 54 74 77 70 26 68 83 5 61 91 76 19 89 93 35 43 5 88 89 16 59 89 52 18 94 16 96 39 48 19 87 32 70 45 84 15 69 97 13 87 25 84 33 26 73 59 77 66 93 66 71 10 64 7 69 17 18 51 60 83 51 80 89 59 86 59 37 68 0 49 25 41 39 14 37 97 54 31 17 19 69 32 54 41 59 69 37 83 7 
66 20 74 81 86 79 56 94 57 13 21 53 27 19 37 41 98 47 57 16 40 25 69 71 98 19 39 9 81 39 33 34 23 52 45 98 22 34 42 16 0 39 35 66 59 10 28 62 61 46 97 13 12 96 11 84 27 46 98 70 45 22 89 82 64 79 38 17 71 87 81 50 37 16 40 55 57 28 97 69 17 89 64 24 27 15 81 85 72 0 39 82 68 69 16 6 29 29 36 68 68 65 44 47 78 11 69 55 11 
16 28 94 98 84 41 91 60 40 45 75 61 40 61 30 8 69 11 39 86 35 68 80 58 11 87 2 80 62 82 85 32 9 71 66 94 5 38 5 93 65 54 89 65 64 93 51 78 17 2 14 34 69 74 29 31 58 47 28 47 98 2 58 12 24 43 65 92 21 39 42 82 56 34 23 80 14 3 24 30 72 17 58 19 95 11 60 70 54 32 0 20 35 60 38 81 41 53 82 78 77 51 65 64 49 6 21 18 26 
44 26 61 56 95 8 43 81 29 31 73 96 79 43 77 89 83 2 18 25 87 42 59 44 75 80 56 48 82 23 68 52 18 95 60 71 58 87 25 39 64 46 27 94 96 26 33 96 8 73 82 37 48 1 63 70 21 47 61 52 90 45 74 70 62 42 23 65 33 83 47 25 87 7 22 22 87 75 83 28 93 16 33 73 38 78 66 2 2 83 56 0 21 20 22 92 86 26 6 30 48 27 46 19 64 38 67 27 33 
74 56 31 94 16 86 78 45 26 82 28 44 13 48 36 44 33 6 43 18 9 48 14 58 2 70 60 47 2 17 82 59 45 91 45 45 25 73 82 65 79 11 29 25 14 9 51 99 12 45 73 6 71 23 90 77 76 22 50 58 49 34 2 0 82 68 96 38 86 11 68 37 79 62 1 92 97 63 21 54 63 23 63 9 89 85 95 58 69 70 9 50 0 66 26 0 44 99 97 82 92 85 36 56 84 32 12 60 6 
23 78 87 91 80 4 86 15 94 99 16 46 43 47 37 58 22 28 11 27 70 7 38 64 65 57 44 72 83 64 42 62 39 25 53 37 52 25 24 57 34 84 6 23 4 27 70 31 27 42 92 84 5 83 4 65 70 22 45 80 96 38 3 48 77 9 98 48 55 84 91 54 30 62 65 50 82 67 45 80 43 37 62 85 16 83 60 87 81 3 86 7 50 0 94 15 37 74 69 66 95 57 51 85 27 20 26 56 18 
51 60 56 62 17 80 34 8 33 65 14 91 97 23 44 42 31 68 2 16 29 75 70 56 81 61 72 98 30 36 12 53 87 25 44 76 62 41 11 15 98 84 70 76 70 55 22 54 73 97 25 54 38 64 30 89 80 18 90 14 76 23 48 42 16 34 77 30 40 24 58 88 28 89 96 35 36 54 18 53 49 39 6 94 45 59 73 83 42 50 45 21 16 68 0 84 45 40 31 87 5 70 67 15 84 51 6 72 82 
88 25 96 20 14 44 58 96 87 66 76 94 43 30 60 55 72 42 77 81 16 65 79 48 36 20 72 59 91 24 35 60 89 60 77 51 54 67 57 1 55 78 2 74 23 60 18 72 91 26 83 15 56 74 79 31 31 51 44 37 55 52 3 35 11 15 52 38 67 72 52 45 45 3 99 79 25 22 33 17 94 32 57 4 84 52 16 11 94 70 81 66 56 69 97 0 99 35 21 62 48 66 3 25 86 74 76 81 45 
10 55 84 30 4 7 84 50 7 30 79 64 41 75 31 18 78 83 1 92 24 11 87 35 19 77 53 94 88 14 17 44 98 55 38 41 17 5 79 98 2 72 10 44 28 86 75 65 49 58 12 47 78 92 62 22 42 32 65 9 90 64 22 12 93 78 45 37 93 59 27 24 53 78 98 70 20 41 1 10 29 42 64 24 98 45 52 40 94 82 19 82 89 19 90 12 0 46 77 60 63 0 96 4 88 76 36 12 75 
28 18 80 39 89 32 26 14 34 94 8 6 68 2 73 61 55 43 21 66 78 58 39 81 31 6 60 26 27 98 78 97 65 85 89 78 26 82 99 81 44 22 22 61 40 68 97 19 59 63 60 56 77 35 74 15 45 22 14 86 45 53 74 60 9 80 75 73 28 46 77 29 40 10 68 63 58 44 81 83 41 68 30 19 19 43 81 24 79 95 40 75 43 64 18 66 2 0 44 99 26 31 67 41 43 32 54 39 85 
89 10 95 1 65 26 0 56 24 30 96 40 48 54 70 55 77 11 36 34 83 60 64 50 22 93 48 75 26 61 78 43 67 91 29 94 24 97 26 13 51 84 19 27 68 63 1 12 11 2 15 17 69 78 43 25 39 12 44 32 57 48 98 77 78 78 53 77 13 36 19 51 17 89 2 6 87 17 41 68 8 21 82 49 30 11 67 95 96 89 83 74 37 31 98 31 67 54 0 89 95 48 75 19 34 98 2 53 29 
73 41 41 5 73 68 75 66 44 7 33 92 85 22 71 18 31 33 63 5 77 1 72 11 34 0 32 85 14 49 36 99 67 75 38 48 18 20 45 22 7 85 16 4 92 77 18 87 38 3 24 38 42 74 54 66 90 9 35 94 92 28 63 36 28 50 55 57 83 36 31 32 5 22 41 39 19 61 51 17 82 21 87 4 40 98 62 83 80 54 58 64 62 58 58 17 17 11 56 0 16 80 39 39 77 84 17 75 8 
52 42 53 25 68 26 68 17 80 31 94 98 49 37 53 26 90 71 1 73 12 86 51 41 76 39 76 31 79 44 67 29 24 0 2 22 75 95 84 83 58 63 61 40 99 12 7 86 80 27 88 76 55 42 5 40 24 84 42 78 26 60 65 72 6 79 33 81 55 72 99 84 93 60 75 76 85 16 65 90 74 63 95 11 38 84 13 29 20 40 45 17 74 52 20 2 69 72 13 17 0 72 60 48 25 82 16 40 10 
52 36 42 79 62 13 23 41 71 59 64 59 56 24 96 92 18 6 40 48 16 89 80 63 99 68 35 54 89 86 79 63 37 69 39 94 2 55 70 75 36 85 77 48 7 97 41 40 10 83 63 12 16 40 41 97 35 52 37 99 54 23 54 31 61 66 3 45 84 40 45 56 20 88 78 18 99 58 75 52 59 2 62 83 41 24 96 42 68 35 78 36 69 69 0 77 31 53 95 65 16 0 96 25 65 95 68 35 47 
86 55 38 80 76 16 67 61 30 37 13 95 71 6 17 1 1 69 29 81 56 64 43 30 64 11 24 41 18 82 5 13 85 12 50 93 13 33 38 54 13 51 28 27 6 96 19 1 16 12 1 91 35 75 54 7 30 93 20 72 76 42 27 17 23 41 19 78 82 53 90 73 16 47 52 79 35 99 23 78 96 93 24 92 40 71 72 90 67 3 59 51 9 76 78 43 66 38 89 88 28 75 0 12 60 72 75 47 73 
2 45 94 99 17 36 19 84 67 40 34 46 67 27 42 37 82 63 74 87 20 28 69 38 86 39 51 58 65 69 12 60 29 42 75 3 69 1 52 14 17 74 76 42 86 7 38 54 57 96 82 85 46 54 45 9 24 91 52 66 70 84 87 37 14 63 27 95 86 56 0 78 0 88 25 4 55 26 17 39 48 42 42 17 87 56 26 32 86 57 74 93 1 36 16 59 12 44 73 76 5 70 67 0 80 31 87 73 46 
55 88 65 64 67 35 35 30 5 82 76 87 25 14 94 32 76 85 88 15 24 81 6 24 58 29 41 50 91 15 9 29 2 10 33 19 32 32 53 70 86 72 15 83 12 21 52 33 56 96 21 92 73 85 77 64 25 79 11 65 70 91 73 85 24 58 44 31 1 96 91 19 3 86 72 7 68 79 14 73 4 39 72 62 87 61 95 44 82 19 43 99 47 92 56 86 17 94 44 61 33 29 26 83 0 92 73 57 95 
91 8 7 48 2 52 77 10 78 0 36 35 0 97 14 67 78 97 99 24 36 64 24 11 45 88 5 56 93 95 31 28 71 63 45 66 52 62 64 67 7 79 35 11 40 1 68 86 39 7 29 71 6 54 15 72 0 16 97 11 1 22 34 54 63 65 80 19 87 25 25 10 60 74 32 23 14 88 34 39 79 58 15 11 31 31 19 37 78 94 45 84 86 85 23 19 16 2 70 47 3 29 77 42 12 0 0 44 71 
21 64 82 18 1 62 48 16 19 4 99 49 31 98 62 24 13 72 80 94 84 65 76 49 3 18 38 3 92 6 47 30 11 19 26 4 78 50 45 17 1 23 23 49 23 40 47 52 93 3 47 44 37 55 72 71 29 21 25 66 98 16 80 97 66 44 28 24 0 83 22 84 66 89 3 40 11 19 1 19 77 99 58 59 59 55 14 31 39 0 67 46 1 86 24 69 23 47 42 55 45 68 1 3 58 15 0 46 90 
98 95 48 28 24 18 99 19 28 43 5 98 74 29 22 8 45 7 22 64 5 32 50 60 73 46 85 3 5 84 46 20 29 22 51 55 87 98 40 6 10 65 2 93 25 51 76 35 19 19 7 99 38 95 98 52 2 81 44 93 31 76 74 30 75 6 54 91 42 10 71 83 8 93 52 34 38 94 27 95 77 44 6 6 88 1 36 2 22 16 54 31 11 67 50 82 92 40 10 82 9 6 98 91 47 96 16 0 74 
19 14 69 13 66 36 88 33 20 17 86 30 24 48 28 66 94 69 66 18 68 83 71 66 47 58 95 76 54 98 29 73 77 31 12 52 95 87 76 16 50 34 67 85 16 97 98 14 4 39 66 2 63 84 32 48 54 63 65 86 61 51 0 59 68 66 34 41 90 43 11 6 38 2 14 42 55 54 91 47 41 11 82 84 70 99 29 45 96 99 55 83 88 86 32 24 67 42 81 7 74 14 4 37 99 76 41 17 0 
